# callgrind format
version: 1
creator: callgrind-3.16.1
pid: 1185883
cmd:  ./main test_input1
part: 1


desc: I1 cache: 
desc: D1 cache: 
desc: LL cache: 

desc: Timerange: Basic block 0 - 152715992
desc: Trigger: Program termination

positions: line
events: Ir
summary: 1002528429


ob=(4) /usr/lib64/libm-2.32.so
fl=(62) ???
fn=(310) log2f
0 9

fn=(312) __log_finite
0 9

fn=(318) __asin_finite
0 8

fn=(436) 0x000000000000f490
0 12

fn=(870) 0x000000000000f3e0
0 5

fn=(302) logf
0 9

fn=(294) cosf
0 9

fn=(304) sincosf
0 9

fn=(296) __exp_finite
0 9

fn=(306) powf
0 9

fn=(320) exp2f
0 9

fn=(314) __acos_finite
0 8

fn=(322) __atan2_finite
0 9

fn=(860) 0x000000000000f450
0 9
cob=(2) ???
cfi=(35) ???
cfn=(866) 0x000000000487f3b0
calls=1 0 
0 89
0 1
cfn=(870)
calls=1 0 
0 5
0 3

fn=(308) __pow_finite
0 8

fn=(298) expf
0 9

fn=(300) cos
0 9

fn=(316) sinf
0 9

fn=(324) sin
0 9

ob=(6) /usr/lib64/libdl-2.32.so
fl=(69) ???
fn=(896) fini
0 3
cfn=(898) check_free
calls=1 0 
0 15

fn=(910) 0x0000000000002280
0 5

fn=(900) 0x00000000000022f0
0 9
cob=(2)
cfi=(35)
cfn=(906) 0x00000000049c3260
calls=1 0 
0 89
0 1
cfn=(910)
calls=1 0 
0 5
0 3

fn=(420) init
0 4

fn=(414) 0x0000000000002330
0 12

fn=(898)
0 15

ob=(1) /usr/lib64/ld-2.32.so
fl=(8) /usr/src/debug/glibc-2.32-10.fc33.x86_64/elf/../elf/dl-sysdep.c
fn=(346) _dl_sysdep_start_cleanup
258 1
+1 1

fn=(14) _dl_sysdep_start
89 9
+25 1
-1 1
+1 211
+6 1
-3 1
+1 1
-4 1
+3 1
+3 8
-29 1
-1 2
+30 1
+1 1
-1 18
+1 111
+61 1
+1 1
-1 1
+1 1
-63 79
+34 1
-34 2
+35 1
-35 2
+46 1
-46 1
+47 1
-1 1
-46 3
+40 1
-40 1
+41 1
-1 1
-40 3
+37 1
-37 2
+38 1
-38 3
+13 1
-13 2
+14 1
-14 2
+10 1
-10 2
+11 1
-11 2
+7 1
-7 4
+4 1
-4 4
223 1
cfi=(9) /usr/src/debug/glibc-2.32-10.fc33.x86_64/elf/dl-tunables.c
cfn=(16) __GI___tunables_init
calls=1 +60 
* 32443
fi=(11) /usr/src/debug/glibc-2.32-10.fc33.x86_64/elf/../sysdeps/unix/sysv/linux/dl-sysdep.c
36 2
cfi=(12) /usr/src/debug/glibc-2.32-10.fc33.x86_64/elf/../sysdeps/unix/sysv/linux/x86_64/brk.c
cfn=(22) brk
calls=1 -8 
* 10
fi=(13) /usr/src/debug/glibc-2.32-10.fc33.x86_64/elf/../sysdeps/x86/cpu-features.c
411 1
+13 1
-12 1
+1 1
+11 2
+3 6
652 3
+1 1
+3 2
+1 1
+6 1
+6 2
-5 1
+5 1
-3 1
-1 1
+4 1
cfi=(9)
cfn=(30) __tunable_get_val
calls=1 364 
* 18
+2 4
cfi=(9)
cfn=(30)
calls=1 364 
* 20
* 1
+2 3
-2 1
+2 1
cfi=(9)
cfn=(30)
calls=1 364 
* 20
* 1
+2 3
-2 1
+2 1
cfi=(9)
cfn=(30)
calls=1 364 
* 20
* 1
+2 3
-2 1
+2 1
cfi=(9)
cfn=(30)
calls=1 364 
* 20
* 1
+2 3
-2 1
+2 1
cfi=(9)
cfn=(30)
calls=1 364 
* 20
* 1
+12 1
-1 1
-11 1
+12 1
+46 4
cfi=(9)
cfn=(30)
calls=1 364 
* 18
+2 4
cfi=(9)
cfn=(30)
calls=1 364 
* 18
fi=(14) /usr/src/debug/glibc-2.32-10.fc33.x86_64/elf/../sysdeps/unix/sysv/linux/x86/cpu-features.c
27 6
fe=(8)
234 3
+1 1
cfi=(15) /usr/src/debug/glibc-2.32-10.fc33.x86_64/string/../sysdeps/x86_64/multiarch/../strlen.S
cfn=(34) strlen
calls=1 41 
* 17
* 1
+2 2
cfi=(16) /usr/src/debug/glibc-2.32-10.fc33.x86_64/elf/../misc/sbrk.c
cfn=(36) sbrk
calls=1 32 
* 18
* 3
+12 3
+3 5
cfi=(2) /usr/src/debug/glibc-2.32-10.fc33.x86_64/elf/rtld.c
cfn=(38) dl_main
calls=1 1149 
* 343783
+1 1
+1 8
fi=(13)
695 3
+17 2
+1 3
+2 3
+1 2
+2 3
+1 2
433 6
cfn=(26) get_common_indices.constprop.0
calls=1 -84 
* 55
327 4
+1 2
+1 6
+5 2
+1 6
+5 2
+1 6
+97 1
cfn=(28) update_usable.constprop.0
calls=1 45 
* 126
+2 3
547 5
431 2
-3 1
722 2
442 2
+1 1
-1 1
+7 1
+77 1
-83 6
+55 2
+14 1
+10 5
+14 1
+1 1
fe=(8)

fl=(28) /usr/src/debug/glibc-2.32-10.fc33.x86_64/elf/dl-load.c
fn=(120) expand_dynamic_string_token
379 3
+10 1
-10 4
+10 1
cfn=(122) _dl_dst_count
calls=1 232 
* 66
+3 2
+12 1
-11 1
+11 4
-11 1
cfi=(40) /usr/src/debug/glibc-2.32-10.fc33.x86_64/string/strdup.c
cfn=(124) strdup
calls=1 40 
* 97

fn=(122)
232 28
+3 14
-3 28
+7 14
-7 28
+3 14
cfi=(39) /usr/src/debug/glibc-2.32-10.fc33.x86_64/string/../sysdeps/x86_64/multiarch/../strchr.S
cfn=(118) index
calls=14 23 
* 456
+3 28
+20 98

fn=(78) _dl_init_paths
682 2
+13 2
-13 8
+13 3
cfi=(29) /usr/src/debug/glibc-2.32-10.fc33.x86_64/elf/dl-hwcaps.c
cfn=(80) _dl_important_hwcaps
calls=1 33 
* 729
fi=(19) /usr/src/debug/glibc-2.32-10.fc33.x86_64/elf/../include/rtld-malloc.h
56 1
fe=(28)
695 1
fi=(19)
56 1
cfi=(6) /usr/src/debug/glibc-2.32-10.fc33.x86_64/elf/dl-minimal.c
cfn=(48) rtld_malloc
calls=1 +64 
* 25
fe=(28)
699 1
+2 2
+7 2
+1 2
-1 3
+4 3
fi=(19)
56 1
cfi=(6)
cfn=(48)
calls=1 +64 
* 25
fe=(28)
712 1
+2 4
+26 1
-9 1
+12 1
-9 1
-13 1
-1 1
+9 1
+2 1
+1 1
+2 1
+1 1
+5 2
+1 3
+2 1
-2 2
cfi=(31) /usr/src/debug/glibc-2.32-10.fc33.x86_64/string/../sysdeps/x86_64/multiarch/memset-vec-unaligned-erms.S
cfn=(88) memset
calls=1 98 
* 13
+2 1
-2 2
-10 1
+3 1
-5 1
+12 1
-10 1
-2 1
+3 1
+2 1
+1 1
+6 1
cfi=(31)
cfn=(88)
calls=1 98 
* 13
+2 1
+11 1
-5 1
+1 1
+5 2
+2 4
+2 3
+38 2
+31 1
+1 8
-51 1
-2 1
+2 2
+14 2

fn=(126) open_verify.constprop.0
1567 66
+39 6
-39 6
+39 12
+31 24
cfi=(41) /usr/src/debug/glibc-2.32-10.fc33.x86_64/io/../sysdeps/unix/sysv/linux/open64_nocancel.c
cfn=(128) __open_nocancel
calls=6 34 
* 114
* 6
+2 12
+11 6
+6 12
-5 6
+5 48
cfi=(42) /usr/src/debug/glibc-2.32-10.fc33.x86_64/io/../sysdeps/unix/sysv/linux/read_nocancel.c
cfn=(130) __read_nocancel
calls=6 25 
* 36
+2 12
+2 12
+2 12
+6 12
+16 54
fi=(19)
50 12
cfi=(6)
cfn=(134) rtld_free
calls=6 180 
* 30
+1 6
fe=(28)
1851 54
1684 42
+59 12
+5 12
+2 24
+6 12
+6 6
+1 6
-1 18
+1 6
-1 6
+1 12
+1 10
+20 24
1644 12
1784 270
+1 136
+1 48
+4 48
+6 6
+1 45
+10 18
cfi=(53) /usr/src/debug/glibc-2.32-10.fc33.x86_64/io/../sysdeps/unix/sysv/linux/pread64_nocancel.c
cfn=(170) __pread64_nocancel
calls=3 25 
* 21
* 39
+8 102
+15 10
+6 15
-3 5
+1 5
+3 5
-3 10
+1 5
-1 5
-1 5
+4 10
1684 6
1818 108
-1 12
+4 36
+5 5
+1 10
-60 14
+1 3
-1 1
+1 3
cfi=(53)
cfn=(170)
calls=1 25 
* 7
* 3
+16 5
+7 41

fn=(136) _dl_map_object_from_fd
940 72
+10 6
-10 6
+10 6
-10 18
+10 6
cfi=(32) /usr/src/debug/glibc-2.32-10.fc33.x86_64/elf/dl-debug.c
cfn=(90) _dl_debug_initialize
calls=6 46 
* 54
fi=(43) /usr/src/debug/glibc-2.32-10.fc33.x86_64/elf/../sysdeps/posix/dl-fileid.h
35 18
fe=(28)
950 6
fi=(43)
35 6
cfi=(44) /usr/src/debug/glibc-2.32-10.fc33.x86_64/io/../sysdeps/unix/sysv/linux/wordsize-64/fxstat.c
cfn=(140) _fxstat
calls=6 -2 
* 66
* 12
fe=(28)
969 6
fi=(43)
38 6
+1 6
fe=(28)
969 6
fi=(43)
38 6
+1 6
fe=(28)
969 12
+51 24
+10 12
+7 24
+36 42
cfi=(18) /usr/src/debug/glibc-2.32-10.fc33.x86_64/elf/dl-object.c
cfn=(42) _dl_new_object
calls=6 59 
* 2061
* 6
+1 12
+11 12
+5 6
-5 6
+1 12
+1 6
+2 6
-2 6
+2 12
+1 18
+1 10
+19 10
-2 5
+2 37
-2 1
+2 67
+8 6
-8 6
+8 36
+94 6
+6 6
1112 6
+30 6
-36 6
1212 6
-58 6
+64 6
-76 6
+76 6
-52 6
-12 6
-43 12
+8 172
+17 4
+1 2
-19 195
+1 367
1230 6
1118 6
1230 6
+1 12
1118 18
1235 12
1086 12
1248 12
+10 24
fi=(46) /usr/src/debug/glibc-2.32-10.fc33.x86_64/elf/./dl-map-segments.h
50 6
+6 6
fe=(28)
1258 12
fi=(46)
56 18
fe=(28)
1258 6
fi=(46)
50 6
+6 6
fe=(28)
1258 6
fi=(46)
56 6
fe=(28)
1258 6
fi=(46)
56 6
cfi=(45) /usr/src/debug/glibc-2.32-10.fc33.x86_64/misc/../sysdeps/unix/sysv/linux/mmap64.c
cfn=(142) mmap
calls=6 -8 
* 120
+4 12
-4 6
+4 6
+3 12
+1 6
+2 6
-3 6
+1 6
+2 6
+7 11
cfi=(54) /usr/src/debug/glibc-2.32-10.fc33.x86_64/misc/../sysdeps/unix/syscall-template.S
cfn=(172) mprotect
calls=1 +44 
* 6
* 3
+7 6
+2 6
fi=(47) /usr/src/debug/glibc-2.32-10.fc33.x86_64/elf/./dl-load.h
+8 48
+1 18
+2 48
fi=(46)
+11 96
+8 6
-1 6
-1 6
+1 6
+2 6
-1 6
-2 6
+3 6
-1 6
+3 12
+5 12
+3 10
+8 35
cfi=(31)
cfn=(88)
calls=5 -33 
* 1117
+1 10
+5 12
+12 24
-59 120
+2 36
+2 18
-2 36
+2 144
cfi=(45)
cfn=(142)
calls=18 -46 
* 324
* 54
fe=(28)
977 117
+1 54
fi=(43)
47 84
fe=(28)
1518 54
996 12
+74 12
951 12
1119 76
+23 72
+5 168
+7 96
+13 24
-1 48
+3 24
-2 24
-1 48
+4 48
-3 24
-2 24
+1 24
+1 24
+1 24
+1 24
+1 24
+4 48
+1 90
+5 18
-1 18
+1 18
-1 18
+1 126
-15 18
+25 18
-10 6
-1 6
+1 6
-1 6
+1 42
-15 6
+25 6
-65 12
+5 12
+1 24
+62 3
+4 1
+1 2
-68 1
+72 5
+1 1
+3 1
-3 1
+8 4
+15 12
+1 6
1094 13
+1 2
-1 1
+1 1
-1 1
+1 1
cfi=(53)
cfn=(170)
calls=1 25 
* 7
* 2
1270 24
+9 18
fi=(3) /usr/src/debug/glibc-2.32-10.fc33.x86_64/elf/get-dynamic-info.h
42 6
+6 6
-2 6
+2 12
+15 6
+5 6
+3 6
-2 6
-2 6
-3 12
-1 172
+1 111
-16 37
+26 37
-26 202
+26 128
-26 256
+2 330
+17 244
+14 12
+20 23
+1 24
+1 24
+1 24
+2 24
+5 24
+1 23
+1 24
+5 18
+5 12
+7 12
+1 18
+18 18
+5 8
+2 8
+2 8
+2 8
+1 4
+2 18
+2 18
+1 12
+1 2
+8 12
+5 12
+1 10
+2 12
fe=(28)
1286 12
+2 12
+19 18
+19 12
+2 30
+48 18
+1 2
+6 54
+1 118
+6 24
cfn=(150) _dl_process_pt_gnu_property
calls=6 864 
* 126
-7 142
+1 71
+6 71
-6 142
fi=(22) /usr/src/debug/glibc-2.32-10.fc33.x86_64/elf/../sysdeps/x86/dl-prop.h
57 48
+94 6
-86 12
+85 6
-85 6
+85 6
-87 6
-1 6
+3 12
+70 24
-1 6
-69 18
+3 18
+1 12
+1 12
+4 18
+4 18
+3 18
+1 12
+4 6
+1 12
+4 12
+1 6
+3 12
+3 6
+1 24
+5 12
+7 12
+3 12
+4 6
fe=(28)
1094 2
fi=(46)
141 24
cfi=(45)
cfn=(142)
calls=3 -93 
* 54
+3 6
fi=(3)
-79 30
+2 6
fe=(28)
1395 12
cfi=(48) /usr/src/debug/glibc-2.32-10.fc33.x86_64/io/../sysdeps/unix/sysv/linux/close_nocancel.c
cfn=(154) __GI___close_nocancel
calls=6 25 
* 36
* 12
+9 12
+2 24
+2 12
+16 12
cfi=(7) /usr/src/debug/glibc-2.32-10.fc33.x86_64/elf/dl-lookup.c
cfn=(12) _dl_setup_hash
calls=6 955 
* 144
+4 12
+1 12
+17 12
+1 2
+3 2
+5 2
-5 2
+5 2
-5 4
+5 4
-5 4
+5 4
+10 12
+7 36
+10 12
+1 4
+5 1
cfi=(33) /usr/src/debug/glibc-2.32-10.fc33.x86_64/elf/../elf/dl-tls.c
cfn=(174) _dl_next_tls_modid
calls=1 127 
* 7
* 1
+7 3
cfi=(18)
cfn=(56) _dl_add_to_namespace_list
calls=1 31 
* 60
* 15
cfi=(18)
cfn=(56)
calls=5 31 
* 264
+4 18
fi=(3)
68 24
fi=(47)
+26 20
+2 4
-1 8
+1 4
-1 4
+1 4
-1 4
+1 4
-1 8
+3 16
fi=(22)
+44 18
-2 12
+1 6
+1 12
+1 12
fi=(3)
-72 24
+1 12
+1 12
fe=(28)
1473 15
+1 4
+1 4
-1 4
+1 4
-1 43
+2 2

fn=(114) _dl_map_object
2013 140
+8 28
+1 56
+3 277
+5 441
+2 189
cfi=(38) /usr/src/debug/glibc-2.32-10.fc33.x86_64/elf/dl-misc.c
cfn=(116) _dl_name_match_p
calls=63 340 
* 6738
* 126
+4 110
+1 165
+3 32
+1 32
+1 32
-1 32
+1 64
cfi=(23) /usr/src/debug/glibc-2.32-10.fc33.x86_64/string/../sysdeps/x86_64/strcmp.S
cfn=(64) strcmp
calls=32 111 
* 1178
* 64
2321 126
2057 6
-2 6
+2 12
-2 12
-40 6
+50 18
+36 12
-2 6
+2 6
cfi=(39)
cfn=(118)
calls=6 23 
* 144
* 12
2252 2
-1 3
cfn=(120)
calls=1 379 
* 181
+2 1
-3 1
+1 1
+2 2
+4 6
cfn=(126)
calls=1 1567 
* 289
* 1
+3 2
+12 4
+46 1
+1 3
-1 1
+1 9
cfn=(136)
calls=1 940 
* 1805
-1 5
+1 15
-1 5
+1 45
cfn=(136)
calls=5 940 
* 10572
* 18
2105 10
cfi=(15)
cfn=(34)
calls=5 41 
* 85
* 10
+2 10
+7 20
2244 10
+28 20
+2 20
2118 25
+8 20
-3 18
660 6
2124 6
660 12
+3 2
+3 3
+3 1
+1 1
2156 10
660 5
2157 5
660 10
+3 2
2138 20
+1 40
660 5
2140 5
660 10
2149 10
666 3
2165 5
+14 10
+2 15
+4 10
cfi=(51) /usr/src/debug/glibc-2.32-10.fc33.x86_64/elf/dl-cache.c
cfn=(162) _dl_load_cache_lookup
calls=5 184 
* 7647
* 5
+2 10
+4 10
+8 15
+23 35
cfn=(126)
calls=5 1567 
* 1533
+4 10
-4 5
+4 5
+1 10
669 1
+1 1

fn=(150)
864 6
+8 6
-8 12
+8 6
-6 6
+12 12
-13 6
+13 6
-13 6
+13 12
+3 18
+1 12
+1 12
+43 6

fl=(67) /usr/src/debug/glibc-2.32-10.fc33.x86_64/elf/dl-init.c
fn=(354) _dl_init
81 12
+1 1
+1 1
+3 3
+8 2
+25 1
+1 5
+1 2
-86 4
+86 14
-86 28
+2 44
cfn=(356) call_init.part.0
calls=7 -7 
* 2299
+83 24
+4 2
+1 8
-90 4
+2 6
cfn=(356)
calls=1 -7 
* 789
+52 2

fn=(356)
30 64
+13 8
-13 8
+16 8
-3 16
+3 16
+5 14
+8 21
+1 30
cob=(2)
cfi=(35)
cfn=(442) 0x000000000482f000
calls=1 -60 
* 7
cob=(2)
cfi=(35)
cfn=(432) 0x000000000487f000
calls=1 -60 
* 7
cob=(2)
cfi=(35)
cfn=(422) 0x00000000049b9000
calls=1 -60 
* 7
cob=(2)
cfi=(35)
cfn=(410) 0x00000000049c3000
calls=1 -60 
* 7
cob=(2)
cfi=(35)
cfn=(358) 0x0000000004b9a000
calls=1 -60 
* 574
+3 7
+1 14
+6 12
+2 12
-2 6
+3 40
+1 16
cob=(6)
cfi=(69)
cfn=(420)
calls=1 -74 
* 4
cob=(3) /usr/lib64/libc-2.32.so
cfi=(61) ???
cfn=(402) init_cacheinfo
calls=1 -74 
* 1787
cob=(3)
cfi=(61)
cfn=(400) check_stdfiles_vtables
calls=1 -74 
* 12
cob=(5) /usr/lib64/libpthread-2.32.so
cfi=(68) ???
cfn=(390) elision_init
calls=1 -74 
* 142
* 24
cob=(8) /usr/libexec/valgrind/vgpreload_core-amd64-linux.so
cfi=(71) ???
cfn=(446) 0x0000000000001140
calls=1 -74 
* 12
cob=(4)
cfi=(62)
cfn=(436)
calls=1 -74 
* 12
cob=(7) /usr/lib64/librt-2.32.so
cfi=(70) ???
cfn=(426) 0x00000000000039d0
calls=1 -74 
* 12
cob=(6)
cfi=(69)
cfn=(414)
calls=1 -74 
* 12
cob=(3)
cfi=(61)
cfn=(392) _init_first
calls=1 -74 
* 85
cob=(5)
cfi=(68)
cfn=(384) 0x0000000000007b70
calls=1 -74 
* 12
-1 30
+3 48
-29 2

fl=(44)
fn=(140)
33 28
+1 14
+1 28
+4 7

fl=(11)
fn=(74) _dl_discover_osversion
46 5
+2 3
+40 2
cfi=(27) /usr/src/debug/glibc-2.32-10.fc33.x86_64/posix/../sysdeps/unix/syscall-template.S
cfn=(76) uname
calls=1 +32 
* 6
+15 1
-15 2
+20 1
-1 1
+3 12
+4 3
-2 6
+2 11
+3 2
-1 2
+1 6
-3 8
+7 3
-1 3
+4 3
-2 3
+2 10
+8 1
+1 5
-4 2

fl=(49) /usr/src/debug/glibc-2.32-10.fc33.x86_64/io/../sysdeps/unix/sysv/linux/access.c
fn=(156) access
25 1
+2 7
+4 1

fl=(13)
fn=(26)
349 3
+7 3
+5 2
-5 1
+5 1
-5 1
+4 1
+1 1
+1 4
+1 4
+1 3
+1 2
+7 2
+2 4
+5 1
-5 1
+5 1
-5 1
+5 1
-5 2
+5 1
+7 1
-7 4
+7 1
+1 7
+6 2

fn=(28)
45 7
+45 1
+14 1
-53 2
+43 1
+2 1
+15 1
-16 1
-1 2
+13 1
-11 2
-1 1
+16 1
-60 1
+47 1
+5 1
-8 1
+12 1
+12 1
-8 1
-13 1
+10 1
-5 1
+8 1
+33 1
-36 1
-5 1
+44 1
-38 1
+10 1
-68 1
+56 1
+2 2
+1 1
+36 1
-62 1
+2 1
+24 2
+9 2
+9 1
+8 1
+6 1
+2 1
+6 1
-22 1
+18 1
-10 1
+6 1
-14 1
+8 2
+6 1
+5 1
+3 2
+4 3
+2 4
+79 3
+13 1
+4 1
-4 1
+4 1
+67 2
+2 8
-65 3
+1 2
+3 1
-1 1
+9 1
-5 1
+2 1
-2 1
+5 1
160 2
+2 1
+3 2
+12 1
+6 1
-2 1
+2 1
-2 1
-2 1
+4 1
-4 3
+9 4
-16 1
-5 2
+4 1

fl=(74) /usr/src/debug/glibc-2.32-10.fc33.x86_64/elf/dl-runtime.c
fn=(492) _dl_fixup
60 57
+9 19
fi=(78) /usr/src/debug/glibc-2.32-10.fc33.x86_64/elf/../sysdeps/x86_64/dl-runtime.h
-41 19
fe=(74)
+32 19
+3 38
+5 19
+1 38
-7 19
+8 19
+2 19
-2 95
+2 19
-2 19
+2 19
+5 38
+4 38
+4 57
+4 36
+1 72
-7 72
+16 18
-1 18
+1 37
-1 1
+1 2
+10 190
cfi=(7)
cfn=(212) _dl_lookup_symbol_x
calls=19 835 
* 12458
* 19
+4 95
+10 171
+7 19
+8 76
+4 57
fi=(5) /usr/src/debug/glibc-2.32-10.fc33.x86_64/elf/../sysdeps/x86_64/dl-machine.h
242 19
fe=(74)
-96 76
fi=(75) /usr/src/debug/glibc-2.32-10.fc33.x86_64/elf/../sysdeps/x86_64/dl-irel.h
32 3
cob=(3)
cfi=(61)
cfn=(268) strlen
calls=1 -32 
* 12
cob=(3)
cfi=(61)
cfn=(256) memcpy@@GLIBC_2.14
calls=1 -32 
* 16
cob=(3)
cfi=(61)
cfn=(244) memset
calls=1 -32 
* 18
* 6
fe=(74)

fl=(76) /usr/src/debug/glibc-2.32-10.fc33.x86_64/elf/dl-open.c
fn=(584) _dl_find_dso_for_object
209 6
+4 5
+1 4
+1 24
+1 2
-2 15
+5 2
+4 7

fl=(57) /usr/src/debug/glibc-2.32-10.fc33.x86_64/elf/dl-sort-maps.c
fn=(182) _dl_sort_maps
28 26
+2 4
+4 36
+1 10
cfi=(31)
cfn=(88)
calls=2 +63 
* 28
* 4
-2 22
+6 4
+3 2
-3 4
+1 6
+2 2
-3 32
+3 16
-3 32
+1 48
+2 16
+12 84
+2 48
+1 32
-1 90
+1 60
+33 84
-36 168
+61 42
-50 26
+57 16
-63 354
+1 264
+5 4
+1 4
-1 8
+1 8
-1 24
cfi=(20) /usr/src/debug/glibc-2.32-10.fc33.x86_64/string/../sysdeps/x86_64/multiarch/memmove-vec-unaligned-erms.S
cfn=(52) memcpy
calls=4 +58 
* 44
+4 8
-2 4
+2 20
+8 20
+41 108
cfi=(31)
cfn=(88)
calls=12 -20 
* 184
* 48
-34 24
cfi=(20)
cfn=(52)
calls=4 +39 
* 52
+1 8
+2 4
-2 4
+2 4
+3 63
-44 36

fl=(1) ???
fn=(0) 0x0000000000001090
0 2
cfi=(2)
cfn=(2) _dl_start
calls=1 518 
0 378315
0 14
cfi=(67)
cfn=(354)
calls=1 81 
0 3251
0 3
cob=(9) /home/fish/Documents/puzzles/aoc2021/19/main
cfi=(72) ???
cfn=(454) _start
calls=1 0 
0 1002146844

fl=(23)
fn=(64)
111 898
+33 898
+1 898
+2 898
+1 898
+21 898
+1 898
+1 761
+1 761
+1 569
+1 569
+1 569
+1 569
+21 569
+1 569
+1 569
+1 569
+1 569
+1 569
+1 569
+5 48
+1 144
+9 48
+1 48
+1 48
+1 48
+1 48
+1 48
+1 48
+1 48
-7 329
+1 329
+1 329
+1 329
+1 329
+1 329
+1 329
+1 329
+1 355
+1 209
+1 209
+1 209
+2 209
+1 209
+1 209
+1 209
+1 209
+1 209
-5 146
+1 146
+1 146
+1 146
+1 146
+1 146
+10 22
+1 22
+1 22
+2 22
+6 22
+1 22
+1 22
+1 22
+1 22
+5 22
+2 8
+1 8
+1 16
+8 8
+1 8
+3 8
+1 8
+1 8
+1 8
+1 8
+1 8
+6 2
+1 2
+1 2
+3 2
+1 2
+1 2
+1 2
+1 2
+1 2
+15 2
+1 2
+1 2
+1 2
+1 2
+2 2
+1 2
+1 2
+1 2
+1 2
+1 2
+1 2
+1 2
+3 2
+1 2
+1 2
+6 2
+1 2
+1 4
+4 2
+1 2
+3 2
+1 2
+1 2
+3 2
+1 2
+1 2
+6 2
+1 2
+1 2
+1 2
+1 2
+1 2
+6 1
+1 1
+2 1
+1 1
+2 1
+1 1
+1 1
+3 1
+1 1
+1 1
+6 1
+1 1
+1 1
+1 1
+1 1
+1 1
+48 2
+1 2
+1 2
+1 2
+1 2
+2 2
+1 2
+1 2
+1 2
+1 2
+1 2
+1 2
+1 2
+3 2
+1 2
+1 2
+6 2
+1 2
+1 4
+4 2
+1 2
+3 2
+1 2
+1 2
+3 2
+1 2
+1 2
+6 2
+1 2
+1 2
+1 2
+1 2
+1 2
+72 10
+1 10
+1 10
+1 10
+1 10
+2 10
+1 10
+1 10
+1 10
+1 10
+1 10
+1 10
+1 10
+4 10
+1 10
+1 10
+6 10
+1 10
+1 20
+4 10
+1 10
+3 10
+1 10
+1 10
+3 10
+1 10
+1 10
+6 10
+1 10
+1 10
+1 10
+1 10
+1 10
+72 3
+1 3
+1 3
+1 3
+1 3
+2 3
+1 3
+1 3
+1 3
+1 3
+1 3
+1 3
+1 3
+4 3
+1 3
+1 3
+6 3
+1 3
+1 6
+4 3
+1 3
+3 3
+1 3
+1 3
+3 3
+1 3
+1 3
+6 3
+1 3
+1 3
+1 3
+1 3
+1 3
+7 1
+1 1
+2 1
+1 1
+2 1
+1 1
+1 1
+3 1
+1 1
+1 1
+6 1
+1 1
+1 1
+1 1
+1 1
+1 1
+41 42
+1 42
+1 42
+1 42
+1 42
+2 42
+1 42
+1 42
+1 42
+1 42
+1 42
+1 42
+1 19
+4 19
+1 19
+1 19
+6 19
+1 19
+1 38
+4 19
+1 19
+3 19
+1 19
+1 19
+3 19
+1 19
+1 19
+6 19
+1 19
+1 19
+1 19
+1 19
+1 19
+72 10
+1 10
+1 10
+1 10
+1 10
+2 10
+1 10
+1 10
+1 10
+1 10
+1 10
+1 10
+1 10
+4 10
+1 10
+1 10
+6 10
+1 10
+1 20
+4 10
+1 10
+3 10
+1 10
+1 10
+3 10
+1 10
+1 10
+6 10
+1 10
+1 10
+1 10
+1 10
+1 10
+7 4
+1 4
+2 4
+1 4
+2 4
+1 4
+1 4
+3 4
+1 4
+1 4
+6 4
+1 4
+1 4
+1 4
+1 4
+1 4
+41 6
+1 6
+1 6
+1 6
+1 6
+2 6
+1 6
+1 6
+1 6
+1 6
+1 6
+1 6
+1 6
+4 6
+1 6
+1 6
+6 6
+1 6
+1 12
+4 6
+1 6
+3 6
+1 6
+1 6
+3 6
+1 6
+1 6
+6 6
+1 6
+1 6
+1 6
+1 6
+1 6
+72 17
+1 17
+1 17
+1 17
+1 17
+2 17
+1 17
+1 17
+1 17
+1 17
+1 17
+1 17
+1 14
+4 14
+1 14
+1 14
+6 14
+1 14
+1 28
+4 14
+1 14
+3 14
+1 14
+1 14
+3 14
+1 14
+1 14
+6 14
+1 14
+1 14
+1 14
+1 14
+1 14
+72 21
+1 21
+1 21
+1 21
+1 21
+2 21
+1 21
+1 21
+1 21
+1 21
+1 21
+1 21
+1 16
+4 16
+1 16
+1 16
+6 16
+1 16
+1 32
+4 16
+1 16
+3 16
+1 16
+1 16
+3 16
+1 16
+1 16
+6 16
+1 16
+1 16
+1 16
+1 16
+1 16
+7 2
+1 2
+2 2
+1 2
+2 2
+1 2
+1 2
+3 2
+1 2
+1 2
+6 2
+1 2
+1 2
+1 2
+1 2
+1 2
+41 36
+1 36
+1 36
+1 36
+1 36
+2 36
+1 36
+1 36
+1 36
+1 36
+1 36
+1 36
+1 8
+4 8
+1 8
+1 8
+6 8
+1 8
+1 16
+4 8
+1 8
+3 8
+1 8
+1 8
+3 8
+1 8
+1 8
+6 8
+1 8
+1 8
+1 8
+1 8
+1 8
+72 58
+1 58
+1 58
+1 58
+1 58
+2 58
+1 58
+1 58
+1 58
+1 58
+1 58
+1 58
+1 15
+4 15
+1 15
+1 15
+6 15
+1 15
+1 30
+4 15
+1 15
+3 15
+1 15
+1 15
+3 15
+1 15
+1 15
+6 15
+1 15
+1 15
+1 15
+1 15
+1 15
+7 1
+1 1
+2 1
+1 1
+2 1
+1 1
+1 1
+3 1
+1 1
+1 1
+6 1
+1 1
+1 1
+1 1
+1 1
+1 1
+41 14
+1 14
+1 14
+1 14
+1 14
+2 14
+1 14
+1 14
+1 14
+1 14
+1 14
+1 14
+1 10
+4 10
+1 10
+1 10
+6 10
+1 10
+1 20
+4 10
+1 10
+3 10
+1 10
+1 10
+3 10
+1 10
+1 10
+6 10
+1 10
+1 10
+1 10
+1 10
+1 10
+7 1
+1 1
+2 1
+1 1
+2 1
+1 1
+1 1
+3 1
+1 1
+1 1
+6 1
+1 1
+1 1
+1 1
+1 1
+1 1
+13 1
+1 1
+1 1
+1 1
+7 1
+1 1
+1 1
+16 41
+1 41
+1 41
+1 41
+1 41
+2 41
+1 41
+1 41
+1 41
+1 41
+1 41
+1 41
+1 25
+4 25
+1 25
+1 25
+6 25
+1 25
+1 50
+4 25
+1 25
+3 25
+1 25
+1 25
+3 25
+1 25
+1 25
+6 25
+1 25
+1 25
+1 25
+1 25
+1 25
+7 2
+1 2
+2 2
+1 2
+2 2
+1 2
+1 2
+3 2
+1 2
+1 2
+6 2
+1 2
+1 2
+1 2
+1 2
+1 2
+13 1
+1 1
+1 1
+1 1
+7 1
+1 1
+1 1
+16 58
+1 58
+1 58
+1 58
+1 58
+2 58
+1 58
+1 58
+1 58
+1 58
+1 58
+1 58
+1 49
+4 49
+1 49
+1 49
+6 49
+1 49
+1 98
+4 49
+1 49
+3 49
+1 49
+1 49
+3 49
+1 49
+1 49
+6 49
+1 49
+1 49
+1 49
+1 49
+1 49
+7 1
+1 1
+2 1
+1 1
+2 1
+1 1
+1 1
+3 1
+1 1
+1 1
+6 1
+1 1
+1 1
+1 1
+1 1
+1 1
+41 35
+1 35
+1 35
+1 35
+1 35
+2 35
+1 35
+1 35
+1 35
+1 35
+1 35
+1 35
+2 13
+4 13
+1 13
+1 13
+6 13
+1 13
+2 26
+4 13
+1 13
+3 13
+1 13
+1 13
+3 13
+1 13
+1 13
+6 13
+1 13
+1 13
+1 13
+1 13
+1 13
+74 210
+2 210
+1 210
+1 210
+1 210
-3 167
+1 167
+1 167
+1 167
+1 418
+5 209
+6 209
+1 209
+8 209
+1 209
-16 689
+6 689
+1 689
+8 689
+1 689

fl=(7)
fn=(212)
835 3360
576 336
835 1344
576 1008
-1 672
+2 672
-1 336
+1 1008
-1 1008
+1 8152
-1 4076
+1 12228
-1 12228
+2 336
841 336
-4 336
+8 336
-8 336
+1 672
+7 948
+3 336
+2 672
-2 336
-1 336
+7 672
-7 1680
+7 80
+1 4704
cfn=(214) do_lookup_x
calls=336 362 
* 172065
* 1008
+28 336
-23 336
+23 336
-23 336
+24 1904
+40 320
-40 320
+40 1280
+14 960
+3 960
+5 640
+2 3024
-86 96
+17 16
+1 32
+59 2

fn=(216) check_match
69 1280
+3 320
-3 2560
+3 640
+13 1280
-13 1280
+13 640
+3 1620
cfi=(23)
cfn=(64)
calls=245 +23 
* 12054
* 490
+4 320
+1 640
+2 612
+19 612
+1 2448
+39 316
+7 1896
-18 28
+2 28
+1 14
-1 28
+1 42
-1 28
+4 8
+1 28
+2 12
+2 4
+7 24
-45 918
cfi=(23)
cfn=(64)
calls=306 -5 
* 11740
* 612

fn=(214)
362 2352
+1 336
-1 2688
+48 336
-41 336
+76 336
-35 672
-16 6228
+8 2076
-4 2076
+1 2076
+3 4152
+1 6228
+3 2076
+1 4152
+7 2076
-3 4152
-2 2076
+5 8304
+3 14532
565 5277
373 4158
+3 4158
+4 8352
+4 4152
+4 4152
+88 640
fi=(21) /usr/src/debug/glibc-2.32-10.fc33.x86_64/elf/../sysdeps/generic/ldsodefs.h
125 960
fe=(7)
527 640
+3 2356
+16 640
+1 320
+1 640
421 1532
-1 766
+2 766
+2 359
+6 1436
-6 359
+6 2872
+7 1131
-10 3465
+3 320
-1 320
+1 640
-1 320
+1 320
-1 320
+2 320
-1 320
+1 320
-1 3200
cfn=(216)
calls=320 69 
* 42522
+4 960
+3 8
568 16
+1 2688
-35 153
-66 90
+2 8
170 301
+5 2528

fn=(12)
955 8
+3 24
+2 8
+2 16
+2 8
-1 8
+3 24
+1 8
+4 8
-3 8
+7 8
-7 8
+3 8
-1 8
+3 8
+2 8
-7 8
+7 8
+5 8

fl=(12)
fn=(22)
28 1
+3 5
+2 2
+6 1
+1 1

fl=(29)
fn=(80)
33 11
+1 1
-1 1
+1 1
-1 1
+1 1
-1 1
+1 1
cfi=(9)
cfn=(30)
calls=1 364 
* 20
* 1
+3 3
+8 6
+1 1
-1 1
+1 2
+1 2
-2 5
+1 1
-1 1
+1 2
+1 2
-2 5
+5 1
+3 16
+2 1
+1 4
fi=(30) /usr/src/debug/glibc-2.32-10.fc33.x86_64/elf/../sysdeps/x86/dl-hwcap.h
+1 3
fe=(29)
+4 1
fi=(30)
-4 5
fe=(29)
+1 1
+1 1
cfi=(15)
cfn=(34)
calls=1 -18 
* 17
+1 1
-5 2
+4 1
+1 4
-5 4
+8 3
+2 1
+2 3
-2 1
+1 2
+4 6
+1 1
+3 2
+4 3
-1 2
+4 2
+1 2
+2 2
+1 1
-1 2
+2 1
-1 1
+1 3
-1 2
+2 2
+13 8
+1 1
-1 1
+1 1
-1 1
+1 1
fi=(19)
-45 1
cfi=(6)
cfn=(48)
calls=1 +64 
* 25
fe=(29)
+46 3
fi=(19)
-46 1
fe=(29)
+46 1
+26 7
+10 3
+21 1
-21 1
+21 2
-21 1
+21 1
-28 2
-19 1
+32 1
+4 2
-10 1
-26 1
+32 1
-32 1
+35 1
+1 1
-1 1
+1 2
-4 2
-3 1
+3 1
cfi=(20)
cfn=(84) mempcpy
calls=1 -34 
* 17
* 2
-3 1
+3 1
cfi=(20)
cfn=(84)
calls=1 -34 
* 17
* 2
+3 2
-3 6
+3 5
+1 12
+1 2
-2 1
+2 1
cfi=(20)
cfn=(84)
calls=1 -39 
* 15
* 2
-2 2
+5 6
cfi=(20)
cfn=(84)
calls=2 -42 
* 30
* 4
+2 5
-7 4
+13 1
-1 1
+1 2
-1 2
+1 7
-1 7
+1 14
-1 16
+5 10
+3 2
-3 8
+3 10
+1 3
-1 3
+1 15
-1 9
+1 18
+1 24
-1 12
-1 12
+2 24
-1 24
-1 24
+4 9
+3 1
+2 2
-1 1
-1 1
+2 1
-2 1
+1 1
+1 2
-1 1
+1 2
+3 2
+3 2
-6 2
+2 6
+3 1
+1 2
-6 2
+6 3
+7 6
+1 1
-1 2
+3 2
-3 3
+1 3
-1 6
+3 6
+3 4
+3 10
94 4
-41 2

fl=(32)
fn=(90)
46 8
+3 16
+5 14
+5 1
-1 1
+1 3
+1 2
-1 1
+5 1
-14 8
+4 16
+3 1
+1 9

fn=(94) _dl_debug_state
73 2
+1 2

fl=(66) /usr/src/debug/glibc-2.32-10.fc33.x86_64/elf/dl-lookup-direct.c
fn=(340) check_match
31 6
+2 1
-2 1
+1 1
+1 1
-2 1
+2 2
+2 2
+1 2
+12 3
+3 1
+2 3
cfi=(23)
cfn=(64)
calls=1 +58 
* 65
* 2
+4 2
+1 6
+1 3
cfi=(23)
cfn=(64)
calls=1 +52 
* 68
+5 2
-3 3
+3 5

fn=(338) _dl_lookup_direct
74 12
+1 1
+3 1
-2 2
+2 3
+37 1
-37 3
+1 2
+2 4
+3 10
+2 2
+1 2
-1 1
+1 4
cfn=(340)
calls=1 -56 
* 180
+3 2
-3 1
+3 1
+3 3
+23 9

fl=(42)
fn=(130)
25 6
+1 24
+1 6

fl=(20)
fn=(84)
110 12
+1 12
+1 12
+1 12
+17 12
+1 12
+1 7
+1 7
+5 6
+1 6
+1 6
+1 6
+5 6
287 5
+1 5
+1 5
+1 5
+1 2
+1 2
+34 3
+1 3
+1 3
+1 3
+1 3
+3 2
+1 2
+1 2
+1 2
+1 2
+10 1
+1 1
+1 1
+1 1
+22 1
+1 1
+1 1
+1 1
+1 1
+1 1
+1 1
+1 1
+2 1

fn=(52)
123 43
+1 43
+6 43
+1 43
+1 29
+1 29
+5 25
+1 25
+1 25
+1 25
+5 25
287 14
+1 14
+1 5
+1 5
+1 1
+1 1
+1 1
+1 1
+1 1
+2 1
+22 9
+1 9
+1 9
+1 9
+1 9
+3 4
+1 4
+1 4
+1 4
+1 4
+17 4
+1 4
+1 4
+1 4
+2 1
+1 1
+1 1
+1 1
+1 1
+1 1
+1 1
+1 1
+1 1
+1 1
+1 1
+1 1
+1 1
+1 1
+1 1
+1 1
+2 1
+3 3
+1 3
+1 3
+1 3
+1 3
+1 3
+1 3
+1 3
+2 3

fl=(59) /usr/src/debug/glibc-2.32-10.fc33.x86_64/elf/../sysdeps/x86/dl-cet.c
fn=(202) dl_cet_check
39 7
+3 1
+9 1
-10 1
+4 1
-4 1
+3 1
+4 2
+1 2
-1 2
+14 2
231 8

fn=(200) _dl_cet_check
248 1
+1 1
cfn=(202)
calls=1 39 
* 29

fl=(36) /usr/src/debug/glibc-2.32-10.fc33.x86_64/elf/dl-error-skeleton.c
fn=(104) _dl_catch_error
225 10
+2 2
cob=(2)
cfi=(35)
cfn=(106) 0x0000000004001050
calls=1 0 
* 2727
+1 2
+1 1
+1 1
-1 1
+1 1
+2 5

fn=(184) _dl_receive_error
238 6
+1 1
+1 1
+3 1
+1 1
+2 1
cfi=(2)
cfn=(186) version_check_doit
calls=1 697 
* 16583
+2 1
+1 1
+1 4

fn=(108) _dl_catch_exception
175 42
+5 14
-5 42
+5 14
-2 28
+21 14
+7 28
-7 14
+1 28
+3 28
+3 14
cfi=(37) /usr/src/debug/glibc-2.32-10.fc33.x86_64/setjmp/../sysdeps/x86_64/setjmp.S
cfn=(110) __sigsetjmp
calls=14 30 
* 336
* 56
+2 42
cfi=(50) /usr/src/debug/glibc-2.32-10.fc33.x86_64/elf/dl-deps.c
cfn=(160) openaux
calls=13 61 
* 30357
cfi=(2)
cfn=(112) map_doit
calls=1 664 
* 2665
+2 14
-1 14
+1 14
-1 14
+1 28
+9 56

fl=(33)
fn=(366) _dl_get_tls_static_info
388 1
+1 2
+1 2
+1 1

fn=(198) _dl_allocate_tls_storage
412 2
+13 1
-13 2
+2 1
+12 1
fi=(19)
56 1
cfi=(6)
cfn=(48)
calls=1 +64 
* 25
fe=(33)
427 3
+8 2
fi=(19)
44 1
fe=(33)
435 2
+1 1
+4 321
+19 1
-94 2
+1 1
fi=(19)
44 1
cfi=(6)
cfn=(44) rtld_calloc
calls=1 163 
* 34
fe=(33)
367 2
+3 1
+6 2
+89 5

fn=(194) _dl_tls_static_surplus_init
93 2
+4 1
-4 2
+4 1
-4 2
+4 3
cfi=(9)
cfn=(30)
calls=1 364 
* 20
* 1
+1 4
cfi=(9)
cfn=(30)
calls=1 364 
* 20
* 3
+6 1
+2 3
+3 1
+2 1
-32 3
+34 3
+1 5

fn=(92) _dl_count_modids
187 1
+5 2
+1 1
+15 2

fn=(292) _dl_add_to_slotinfo
967 8
+6 1
+3 1
+1 1
+4 3
+41 2
+3 4
-1 1
+1 1
+2 6

fn=(196) _dl_determine_tlsoffset
214 8
+6 3
+3 2
+36 3
+2 1
-2 1
-2 1
-40 1
-1 1
-1 1
+46 2
+23 3
+3 1
-3 4
+2 2
+10 1
-12 1
-25 6
+2 2
+3 1
-1 1
+5 2
-5 1
+1 1
-1 1
+3 2
+2 3
+32 2
-1 1
+53 1
-52 4
+2 2
+51 8

fn=(326) _dl_allocate_tls_init
517 9
+1 2
+4 1
+6 1
-6 1
+6 2
-4 1
+16 1
-15 2
+20 8
+9 3
+1 2
+6 3
+3 1
-2 1
+6 1
-6 1
+2 1
+4 1
-4 3
+1 1
+2 2
+4 2
+1 4
+2 2
+1 2
+12 1
-3 1
+3 2
cfi=(20)
cfn=(84)
calls=1 110 
* 13
* 5
cfi=(31)
cfn=(88)
calls=1 98 
* 34
-36 1
-6 4
+6 4
+50 2
+3 9

fn=(174)
127 1
+3 1
+13 1
-13 1
+36 1
+12 1
+4 1

fl=(48)
fn=(154)
25 7
+1 28
+1 7

fl=(55) /usr/src/debug/glibc-2.32-10.fc33.x86_64/malloc/scratch_buffer_set_array_size.c
fn=(176) __libc_scratch_buffer_set_array_size
30 6
+4 6
-4 6
+1 6
+3 6
-3 6
-1 6
+5 6
-5 12
+5 6
+11 6
-1 12
+18 24

fl=(51)
fn=(348) _dl_unload_cache
322 1
+1 4
-1 1
+3 2
cfi=(54)
cfn=(350) munmap
calls=1 117 
* 6
+1 1
+2 2

fn=(162)
184 50
+8 10
+3 15
+51 12
+6 4
+8 4
-8 9
+8 1
-8 2
+10 5
-2 5
fi=(52) /usr/src/debug/glibc-2.32-10.fc33.x86_64/elf/../sysdeps/x86/dl-procinfo.h
39 10
+3 15
cfi=(23)
cfn=(64)
calls=5 +69 
* 125
* 20
fe=(51)
266 20
cfi=(9)
cfn=(30)
calls=5 +98 
* 100
* 10
+3 10
+13 744
cfn=(168) _dl_cache_libcmp
calls=53 138 
* 4091
* 235
+31 10
-31 74
cfn=(168)
calls=8 138 
* 832
* 51
-13 10
+1 15
+12 5
-13 10
+13 160
+16 10
+4 10
+8 10
cfi=(15)
cfn=(34)
calls=5 41 
* 175
* 65
+1 5
-1 5
+1 5
-1 5
+1 5
cfi=(20)
cfn=(52)
calls=5 123 
* 55
* 5
+1 5
cfi=(40)
cfn=(124)
calls=5 40 
* 445
+1 40
-3 10
198 4
cfi=(38)
cfn=(164) _dl_sysdep_read_whole_file
calls=1 44 
* 99
* 1
+8 5
+1 8
+3 4
+1 1
-1 3
+3 1
+1 2

fn=(168)
138 61
+1 207
+4 337
-2 337
+2 337
-2 674
+20 658
+2 658
-24 276
+28 276
+1 276
-29 552
+32 24
-28 16
+8 8
-2 16
+1 16
+1 16
-2 8
+2 8
+2 24
-3 8
+3 8
+2 16
+9 106

fl=(2)
fn=(58) rtld_lock_default_lock_recursive
862 7
+1 7
+1 7

fn=(112)
664 2
+2 1
-2 1
+2 1
+1 2
-1 2
+1 3
cfi=(28)
cfn=(114)
calls=1 2013 
* 2650
* 1
+2 2

fn=(38)
1149 2
+15 1
-15 6
2747 1
1149 1
2617 1
1149 3
+15 1
+4 1
2602 1
1168 1
+1 2
+5 1
2602 1
1174 1
2595 1
1149 1
2595 1
+7 2
1149 1
2602 1
224 1
+1 1
+1 1
2602 1
-4 1
-1 3
+7 2
cfi=(17) /usr/src/debug/glibc-2.32-10.fc33.x86_64/elf/dl-environ.c
cfn=(40) _dl_next_ld_env_entry
calls=1 28 
* 427
* 2
cfi=(17)
cfn=(40)
calls=1 28 
* 7
* 6
+4 3
-2 1
+2 3
+1 1
-1 3
+1 6
-1 32
+9 6
2766 4
+32 3
1182 2
-2 1
+2 2
2638 2
+7 2
1388 7
cfi=(18)
cfn=(42)
calls=1 59 
* 290
* 1
+2 2
+1 1
+1 1
+5 1
-5 1
+1 1
+4 1
-6 1
+2 2
+4 1
cfi=(18)
cfn=(56)
calls=1 31 
* 35
+1 2
1158 1
1427 1
-8 1
+8 1
-3 1
-5 1
+8 1
-7 1
+7 1
-5 1
+5 2
+56 1
1155 1
1483 1
-55 1
+18 1
+22 1
+15 2
-55 99
+95 2
+1 2
+1 1
-98 21
fi=(22)
65 4
fe=(2)
1530 20
-1 22
+1 11
+6 11
-6 22
fi=(22)
57 4
fe=(2)
1432 1
-5 1
+5 2
-5 2
+29 1
-9 1
+27 1
-27 1
+2 1
-3 1
+10 2
-19 1
-10 1
+10 2
-10 2
+56 4
-1 4
+1 8
-1 4
+2 8
+1 1
+3 2
+1 2
-1 6
+1 6
+1 4
+1 10
-64 1
+65 1
-65 2
+92 1
-92 1
+92 1
-92 2
1545 3
+2 1
-5 3
+3 2
+2 2
+2 2
+13 3
+3 1
-2 1
+2 1
-2 1
+2 1
-2 2
cfi=(23)
cfn=(64)
calls=1 111 
* 25
* 2
+7 1
+3 1
-5 1
+3 1
+2 1
+1 2
+4 2
+2 2
fi=(3)
33 2
+9 2
+4 1
+2 3
+15 1
+5 1
+3 1
+1 1
-3 1
-2 1
-3 2
-1 16
+1 9
-16 3
+26 3
-26 7
+26 1
-26 2
+2 52
+17 22
-19 22
+26 22
-26 44
+33 4
+37 4
+5 2
+7 3
+1 3
+18 4
+14 4
+20 3
fe=(2)
1585 2
cfi=(7)
cfn=(12)
calls=1 955 
* 24
+3 2
fi=(24) /usr/src/debug/glibc-2.32-10.fc33.x86_64/elf/./setup-vdso.h
24 2
fi=(26) /usr/src/debug/glibc-2.32-10.fc33.x86_64/elf/../sysdeps/unix/sysv/linux/dl-vdso-setup.h
+21 1
fe=(2)
1613 1
cfi=(11)
cfn=(74)
calls=1 46 
* 101
* 8
+5 2
cfi=(28)
cfn=(78)
calls=1 682 
* 904
+3 3
cfi=(32)
cfn=(90)
calls=1 46 
* 18
+7 1
-7 1
+2 1
+5 1
+4 1
+1 1
+2 1
-3 3
+1 2
+3 1
+5 1
-7 1
+7 1
+1 5
+17 2
+1 2
+5 1
-3 2
+2 1
+1 2
+5 3
+1 5
-1 2
251 2
+1 2
-16 1
+17 2
-2 2
+2 2
1687 1
+1 2
+24 1
cfi=(33)
cfn=(92)
calls=1 187 
* 6
* 1
+8 4
+3 2
+4 3
+5 2
+1 1
cfi=(32)
cfn=(94)
calls=1 73 
* 2
+1 1
+4 3
+16 3
+2 1
+2 2
+8 2
+15 3
cfi=(49)
cfn=(156)
calls=1 25 
* 9
* 2
+76 4
68 1
1877 1
68 3
1877 8
cfi=(50)
cfn=(158) _dl_map_object_deps
calls=1 159 
* 36070
75 1
1882 1
75 2
+9 2
1882 2
+1 6
-1 4
+1 14
-1 28
+4 3
+1 3
+1 1
+2 2
+1 5
-1 21
+1 18
+12 1
+1 1
-1 2
+1 2
+2 1
+2 4
+2 1
-4 1
+5 1
-1 2
+14 2
+1 2
+1 3
+2 2
+1 1
-28 1
+28 1
+8 1
+1 1
-1 1
+2 4
-2 3
+2 1
cfi=(36)
cfn=(184)
calls=1 238 
* 16600
+10 2
+1 2
+3 2
878 1
fi=(79) /usr/src/debug/glibc-2.32-10.fc33.x86_64/elf/../sysdeps/unix/sysv/linux/dl-osinfo.h
64 2
fe=(2)
880 1
fi=(79)
77 1
fe=(2)
889 1
+7 1
-5 1
1958 3
2188 4
fi=(3)
65 5
fe=(2)
1673 1
+6 1
-6 1
+1 2
+5 1
fi=(3)
68 4
fe=(2)
2257 1
-13 2
+4 1
-4 1
+10 1
-6 1
+6 1
-6 1
+9 2
+8 1
fi=(22)
31 3
cfi=(59)
cfn=(200)
calls=1 248 
* 31
fe=(2)
2315 3
+3 1
68 2
2322 1
68 2
2322 1
+1 28
+2 16
+5 16
+2 16
+8 8
-2 8
+2 16
+1 56
cfi=(60) /usr/src/debug/glibc-2.32-10.fc33.x86_64/elf/dl-reloc.c
cfn=(204) _dl_relocate_object
calls=7 167 
* 275967
+4 18
+1 2
-23 1
+23 1
cfi=(33)
cfn=(292)
calls=1 967 
* 28
-23 3
75 3
+1 1
2354 1
76 1
2354 1
+2 1
+3 4
+2 1
+7 2
cfi=(33)
cfn=(326)
calls=1 517 
* 134
+3 2
-37 1
+1 1
-3 2
+48 3
+2 4
+12 3
cfi=(6)
cfn=(328) __rtld_malloc_init_real
calls=1 81 
* 2967
68 1
2400 1
+1 3
68 3
2401 2
cfi=(60)
cfn=(204)
calls=1 167 
* 4614
75 3
+9 2
2409 3
cfi=(65) /usr/src/debug/glibc-2.32-10.fc33.x86_64/elf/dl-call-libc-early-init.c
cfn=(336) _dl_call_libc_early_init
calls=1 27 
* 293
+7 1
cfi=(8)
cfn=(346)
calls=1 258 
* 2
+4 3
+21 3
cfi=(32)
cfn=(90)
calls=1 46 
* 9
+1 1
-1 1
+2 1
cfi=(32)
cfn=(94)
calls=1 73 
* 2
+1 1
+4 1
cfi=(51)
cfn=(348)
calls=1 322 
* 17
+5 8
fi=(25) /usr/src/debug/glibc-2.32-10.fc33.x86_64/elf/../sysdeps/unix/sysv/linux/dl-vdso.h
40 1
+1 2
fe=(2)
1631 4
fi=(26)
30 3
+3 1
+3 1
+3 1
fi=(25)
+16 2
fi=(3)
+16 4
+1 2
+1 2
fe=(2)
1951 2
cfn=(192) init_tls
calls=1 757 
* 690
* 2
-90 16
+1 1
-1 1
+1 1
+3 3
+1 1
+1 2
+1 2
-7 2
68 1
1762 2
68 3
1762 2
cfn=(96) handle_preload_list
calls=1 919 
* 3087
* 1
75 3
+9 3
2645 4
+2 2
+1 1

fn=(2)
518 10
68 3
fi=(5)
-9 1
fe=(2)
+9 1
fi=(3)
-20 1
fi=(5)
+11 2
fe=(2)
562 1
-3 1
fi=(3)
48 2
+15 1
+5 1
+3 1
+1 1
+1 1
-4 1
-2 1
-3 2
-1 24
+1 15
-16 5
+26 5
-26 11
+26 1
-26 2
+2 40
+17 14
-19 14
+26 14
-26 28
+33 2
+20 4
+1 4
+1 4
+1 4
+2 4
+5 4
+1 4
+1 4
+5 3
+5 2
+7 3
+1 3
+8 5
+3 3
+4 2
+1 2
fe=(2)
573 2
+7 1
+13 1
cfi=(6)
cfn=(10) __rtld_malloc_init_stubs
calls=1 55 
* 10
68 1
485 1
68 3
485 1
cfi=(7)
cfn=(12)
calls=1 955 
* 24
+1 1
+18 2
-18 1
+1 2
+1 2
+1 2
+9 1
+6 1
cfi=(8)
cfn=(14)
calls=1 89 
* 377299
* 1
+2 2
608 9
fi=(3)
65 5
+3 4
fe=(2)
578 7
fi=(4) /usr/src/debug/glibc-2.32-10.fc33.x86_64/elf/do-rel.h
46 1
fe=(2)
578 3
fi=(4)
86 3
fe=(2)
578 4
fi=(4)
47 1
fe=(2)
578 3
fi=(4)
47 3
+37 1
-1 1
+28 3
+1 2
fi=(5)
547 2
fi=(4)
112 90
fi=(5)
547 90
+1 46
fi=(4)
111 46
fi=(5)
548 92
fi=(4)
111 92
+5 2
fi=(5)
427 1
fi=(4)
124 2
fi=(5)
339 10
fi=(4)
124 15
+12 5
+3 5
-3 5
fi=(5)
301 5
fi=(4)
139 5
-3 5
+1 10
fi=(5)
301 10
+8 20
+3 5
-3 15
+3 5
-3 5
+3 10
+27 25
fi=(3)
71 4
+1 2
+1 2
fi=(5)
359 10
+1 5
fe=(2)

fn=(186)
697 3
+2 4
cfi=(58) /usr/src/debug/glibc-2.32-10.fc33.x86_64/elf/dl-version.c
cfn=(188) _dl_check_all_versions
calls=1 362 
* 16572
* 2
+4 2

fn=(100) do_preload
829 1
+12 1
-12 5
+10 1
-4 1
+6 2
-5 1
+5 2
-10 1
+6 1
+4 1
cob=(2)
cfi=(35)
cfn=(102) 0x0000000004001080
calls=1 0 
* 2752
+1 3
+8 3
+6 5

fn=(60) rtld_lock_default_unlock_recursive
868 7
+1 7
+1 7

fn=(192)
757 3
+2 1
+4 1
-4 1
+4 2
+11 1
fi=(19)
44 1
fe=(2)
769 1
+4 1
fi=(19)
44 1
cfi=(6)
cfn=(44)
calls=1 163 
* 34
fe=(2)
784 1
-12 1
+6 1
-9 1
+11 1
+4 1
+2 3
-1 2
+3 16
+4 1
+2 1
-2 2
-5 1
-1 2
+1 7
-1 14
+10 3
+3 2
cfi=(33)
cfn=(194)
calls=1 93 
* 76
+3 1
cfi=(33)
cfn=(196)
calls=1 214 
* 74
+7 1
cfi=(33)
cfn=(198)
calls=1 412 
* 412
* 1
+1 2
+6 1
+3 2
-3 1
+3 6
+3 1
+3 5

fn=(96)
919 10
+5 5
-4 1
+10 2
+7 1
210 1
939 2
210 2
941 2
+1 4
cfn=(100)
calls=1 829 
* 2780
* 1
-18 2
+3 3
cfi=(34) /usr/src/debug/glibc-2.32-10.fc33.x86_64/string/../sysdeps/x86_64/strcspn.S
cfn=(98) strcspn
calls=1 28 
* 233
* 1
+1 3
+2 4
cfi=(20)
cfn=(52)
calls=1 123 
* 19
+1 2
+14 9

fl=(6)
fn=(134)
180 6
+2 24

fn=(48)
120 195
+1 39
+11 39
-11 78
+11 78
+3 39
-3 39
+3 226
+18 39
+1 39
+2 156
-16 8
+1 4
+2 2
+1 14
cfi=(45)
cfn=(142)
calls=2 -96 
* 40
* 2
+2 4
+2 4
+2 2
+4 2
-4 4
-23 1
-1 1
+1 1
+1 2
-2 2

fn=(332) lookup_malloc_symbol
66 8
+3 4
-3 28
+3 4
-3 4
+3 4
-1 4
+1 16
cfi=(7)
cfn=(212)
calls=4 835 
* 2665
+4 8
-4 4
+4 20
+1 24
fi=(64) /usr/src/debug/glibc-2.32-10.fc33.x86_64/elf/./dl-sym-post.h
-33 8
+12 12
fe=(6)
+24 36

fn=(10)
55 1
+1 2
+1 2
+1 2
+1 2
+1 1

fn=(44)
163 32
+4 16
+4 16
-1 32
+1 32
fi=(19)
56 16
cfi=(6)
cfn=(48)
calls=16 +64 
* 485
fe=(6)

fn=(328)
81 2
+11 1
fi=(63) /usr/src/debug/glibc-2.32-10.fc33.x86_64/elf/../sysdeps/generic/dl-hash.h
-47 1
fe=(6)
+46 1
-10 1
fi=(63)
-37 1
fe=(6)
+37 5
+11 1
-1 1
fi=(63)
-48 1
+5 3
+14 4
-17 2
+3 15
+14 20
-17 25
fe=(6)
+51 2
fi=(63)
-29 1
fe=(6)
+27 1
+2 2
fi=(63)
-24 1
fe=(6)
+24 1
cfn=(332)
calls=1 -30 
* 747
+1 3
-1 1
+1 1
cfn=(332)
calls=1 -31 
* 674
+1 3
-1 1
+1 1
cfn=(332)
calls=1 -32 
* 735
+1 3
-1 1
+1 1
cfn=(332)
calls=1 -33 
* 693
+5 1
+1 1
+1 1
+1 1
+1 7

fl=(31)
fn=(88)
98 22
+1 110
+6 22
+1 22
+1 6
+1 6
+2 2
+1 2
+2 2
+65 4
+1 4
+10 4
+1 4
+1 4
+1 4
+1 4
+1 4
+1 4
+1 4
+1 4
+1 4
+1 4
+1 4
+1 4
+1 4
+2 145
+1 145
+1 145
+1 145
+1 145
+1 145
+1 145
+1 4
+15 16
+1 16
+1 16
+1 6
+1 6
+1 2
+1 2
+24 10
+1 10
+2 10
+3 4
+1 4
+2 4
+3 2
+1 2
+2 2

fl=(50)
fn=(158)
159 2
+1 1
-1 1
+1 2
-1 2
+1 1
-1 1
+1 1
-1 5
+1 3
-1 2
+1 1
-1 1
+1 6
-15 1
+15 2
-8 1
-6 1
-1 1
+15 1
-16 1
+8 3
-6 1
+6 1
+24 3
-28 3
-2 1
+31 1
-33 2
+2 2
+30 2
-30 1
-1 1
+1 1
+6 4
+24 2
-32 1
+60 1
-60 3
+36 1
+20 1
fi=(56) /usr/src/debug/glibc-2.32-10.fc33.x86_64/elf/../include/scratch_buffer.h
78 1
fe=(50)
180 1
fi=(56)
77 3
fe=(50)
198 1
+89 1
-89 1
+2 1
+9 2
+4 4
-4 14
+4 28
+11 20
-18 2
+18 4
433 24
+2 6
+3 6
-3 12
+3 6
fi=(19)
56 6
cfi=(6)
cfn=(48)
calls=6 +64 
* 150
* 6
fe=(50)
439 12
+6 6
+1 30
cfi=(20)
cfn=(52)
calls=6 123 
* 66
+1 30
cfi=(20)
cfn=(52)
calls=6 123 
* 66
+4 6
-1 6
+5 32
204 21
458 21
-1 8
+1 16
199 3
+27 6
+11 6
-5 6
-6 12
+5 6
+2 12
+1 12
+3 24
-31 6
+31 6
+66 24
-65 18
+6 24
cfi=(28)
cfn=(122)
calls=6 -12 
* 276
* 28
cfi=(28)
cfn=(122)
calls=7 -12 
* 366
* 39
+4 39
-2 13
+2 13
cob=(2)
cfi=(35)
cfn=(106)
calls=13 0 
* 31163
+1 26
+9 13
+2 26
+5 30
+6 6
+2 6
-8 12
+3 6
+1 6
+1 6
+1 6
+4 30
+4 39
+1 27
-43 684
+1 330
+44 474
-38 26
fi=(56)
85 3
fe=(50)
464 6
+1 1
+3 5
+11 3
fi=(19)
56 1
cfi=(6)
cfn=(48)
calls=1 +64 
* 25
* 1
fe=(50)
481 2
+5 2
+4 1
-2 2
-2 1
+1 1
-1 2
+4 1
+2 24
+7 8
-2 8
+2 8
-2 8
+2 8
+5 8
-14 24
+17 3
+52 4
+37 3
+4 1
+11 2
-11 1
-3 2
+17 5
cfi=(57)
cfn=(182)
calls=1 28 
* 1070
+3 1
+2 1
+1 1
-1 1
+2 2
+7 3
+3 2
+3 8
214 53
+3 6
fi=(56)
-86 18
cfi=(55)
cfn=(176)
calls=6 30 
* 108
fe=(50)
+86 12
+4 18
611 2
cfi=(20)
cfn=(52)
calls=1 123 
* 27
* 1
160 2
380 14

fn=(160)
61 39
+7 13
-4 26
+1 13
-1 104
cfi=(28)
cfn=(114)
calls=13 2013 
* 30123
* 13
+5 26

fl=(27)
fn=(76)
120 5
+2 1

fl=(77) /usr/src/debug/glibc-2.32-10.fc33.x86_64/elf/dl-fini.c
fn=(820) _dl_fini
31 9
+20 3
-3 6
+3 4
+3 2
cob=(5)
cfi=(68)
cfn=(580) pthread_mutex_lock
calls=1 -54 
* 35
+2 1
+3 2
+2 6
+8 2
-3 1
+3 14
+5 2
+2 16
+2 16
+2 16
+1 8
+1 8
+4 8
-12 24
+14 6
+1 4
+6 3
cfi=(57)
cfn=(182)
calls=1 -67 
* 1169
+10 2
cob=(5)
cfi=(68)
cfn=(586) pthread_mutex_unlock
calls=1 0 
* 37
+5 6
+2 1
+2 3
-2 7
+2 21
+3 16
+3 24
+4 12
+11 6
+1 6
-1 6
+2 6
-2 6
+2 6
-2 6
+3 30
+1 6
cob=(5)
cfi=(68)
cfn=(918) 0x0000000000007b30
calls=1 0 
* 107
cob=(6)
cfi=(69)
cfn=(896)
calls=1 0 
* 18
cob=(7)
cfi=(70)
cfn=(878) 0x0000000000003990
calls=1 0 
* 107
cob=(4)
cfi=(62)
cfn=(860)
calls=1 0 
* 107
cob=(8)
cfi=(71)
cfn=(834) 0x0000000000001100
calls=1 0 
* 937
cob=(9)
cfi=(72)
cfn=(822) 0x0000000000401460
calls=1 0 
* 13
* 1
cob=(6)
cfi=(69)
cfn=(900)
calls=1 0 
* 107
-1 28
+5 18
+1 18
cob=(2)
cfi=(35)
cfn=(934) 0x0000000004ba90f8
calls=1 0 
* 4
cob=(2)
cfi=(35)
cfn=(916) 0x00000000049c41cc
calls=1 0 
* 4
cob=(2)
cfi=(35)
cfn=(894) 0x00000000049bcae8
calls=1 0 
* 4
cob=(2)
cfi=(35)
cfn=(876) 0x000000000491a4e8
calls=1 0 
* 4
cob=(2)
cfi=(35)
cfn=(858) 0x000000000482f2b0
calls=1 0 
* 4
cob=(2)
cfi=(35)
cfn=(832) 0x0000000000409f58
calls=1 0 
* 4
+6 48
+19 8
-59 26
+11 6
-26 7
+80 6
+6 2
+7 8

fl=(58)
fn=(190) _dl_check_map_versions
156 64
+15 8
-15 16
+15 16
+2 24
+2 8
+1 8
-1 8
+1 8
+2 16
+3 12
-16 6
-8 6
+28 6
-4 6
+4 18
+16 6
37 6
201 6
37 6
201 6
37 30
201 4
37 4
201 4
37 4
201 4
37 20
+1 56
-1 112
+2 198
cfi=(38)
cfn=(116)
calls=66 340 
* 6779
* 132
209 30
+5 10
-71 20
+71 20
-71 30
+79 10
-2 10
-2 20
+4 10
-4 60
+4 20
-2 20
-2 40
+4 20
-4 130
57 4
+8 6
-8 56
+8 84
+6 90
+16 30
+1 60
+2 30
+5 300
+14 698
+12 957
+4 319
-30 638
225 120
+3 90
+5 20
-11 20
111 30
+3 120
cfi=(23)
cfn=(64)
calls=30 -3 
* 1211
* 160
237 40
+5 8
-43 4
+52 12
+3 18
+3 36
+3 24
+4 12
-7 24
+3 18
+4 130
-7 260
+3 201
+8 14
+6 7
fi=(19)
44 7
fe=(58)
274 7
fi=(19)
44 7
cfi=(6)
cfn=(44)
calls=7 163 
* 277
fe=(58)
273 7
fi=(19)
44 7
fe=(58)
275 14
+13 7
-3 7
+3 14
+2 21
+3 24
+4 30
+18 20
-15 20
+2 20
-2 20
+2 20
-2 20
+2 40
-2 10
+2 10
-2 10
+2 10
-2 10
+2 20
+2 30
+1 30
-1 90
+1 30
+1 30
-2 30
+2 60
+1 90
+3 90
+8 30
+5 4
-28 4
+33 21
+3 24
+20 71
-14 154
-2 71
+6 71
+1 71
+1 71
-1 213
+1 71
-1 71
+1 71
+1 71
+3 231
+10 72
165 2
+86 2
-94 2
+94 3

fn=(188)
362 6
+4 5
-2 2
+4 48
cfn=(190)
calls=8 156 
* 16448
-2 8
+2 24
-1 8
-1 16
+5 7

fl=(18)
fn=(56)
31 14
+2 7
-2 14
+2 7
-2 14
+2 7
cfi=(2)
cfn=(58)
calls=7 862 
* 21
+2 48
+3 108
+2 6
+2 6
+4 6
+4 6
-4 6
+5 6
-5 6
+1 12
+1 6
+3 6
-3 6
+3 6
-1 6
cfi=(2)
cfn=(60)
calls=6 868 
* 18
-4 1
+4 1
-4 1
+5 1
-5 1
+1 2
+1 1
+3 1
-3 1
+3 1
-1 1
cfi=(2)
cfn=(60)
calls=1 868 
* 3
-5 2

fn=(42)
59 77
+3 7
-3 14
+3 14
+15 6
+3 18
cfi=(15)
cfn=(34)
calls=6 -39 
* 120
+4 6
-4 12
+4 6
+5 12
fi=(19)
-45 18
cfi=(6)
cfn=(44)
calls=6 163 
* 243
fe=(18)
+45 1
fi=(19)
-45 3
cfi=(6)
cfn=(44)
calls=1 163 
* 41
* 7
fe=(18)
+48 14
+4 7
+5 7
-6 7
+6 7
-5 7
+5 7
-5 7
+4 7
+1 7
-1 7
+1 14
cfi=(20)
cfn=(52)
calls=7 +22 
* 88
* 7
+15 7
-15 7
+2 7
+13 38
+6 1
+2 7
+3 2
-3 42
+3 12
+2 7
+4 7
+3 22
fi=(21)
1238 3
fe=(18)
136 2
+2 1
-2 2
fi=(21)
1238 45
fe=(18)
136 30
+2 15
-2 30
+16 7
-6 7
+1 7
+5 14
-6 7
+6 21
+2 12
+3 12
-3 12
+7 28
+4 12
+8 2
+13 1
-10 2
+10 9
-10 12
+10 18
+2 6
cfi=(15)
cfn=(34)
calls=6 41 
* 210
+21 6
-21 18
+17 6
-13 18
+50 18
cfi=(20)
cfn=(84)
calls=6 110 
* 86
* 6
+5 12
+1 12
-1 176
+1 176
+2 12
+3 6
+3 6
+4 63
128 14
+22 1
+7 4
+8 24
fi=(19)
56 12
cfi=(6)
cfn=(48)
calls=6 +64 
* 150
* 6
fe=(18)
197 24
64 2
+1 6
+9 1
-5 2

fl=(60)
fn=(204)
167 88
+15 8
-15 16
+15 8
+1 40
+6 16
+6 40
-18 4
+22 4
+7 32
+40 8
fi=(5)
76 8
fe=(60)
246 16
fi=(5)
76 24
+6 4
+4 6
+14 2
-8 2
+8 4
+20 4
+11 8
fe=(60)
274 243
-96 4
fi=(5)
487 6
fe=(60)
178 4
fi=(4)
48 2
-1 2
-1 2
+1 2
+1 2
+10 4
fe=(60)
274 6
-96 12
fi=(5)
487 18
fe=(60)
178 12
fi=(4)
48 6
-1 6
-1 6
+1 6
+1 6
+10 12
-10 8
-1 8
-1 8
+1 8
+1 8
+10 16
-7 2
-1 2
+11 10
fi=(5)
558 56
+4 56
+3 84
+1 28
fi=(4)
61 84
+2 112
+11 4
fe=(60)
274 64
+3 32
+24 8
+3 16
+17 16
196 16
+3 18
fi=(4)
84 14
-1 14
+3 14
+12 14
-12 14
-3 14
+15 28
+10 26
+10 24
+3 26
+3 26
-73 7
-1 7
fi=(5)
497 14
fi=(4)
127 1532
+9 654
+1 327
-1 327
+3 654
-3 327
+1 327
+1 327
-1 654
fi=(5)
276 654
+21 654
+4 654
+7 1308
fi=(21)
125 933
fi=(5)
308 4389
fi=(4)
138 305
fi=(5)
308 305
fi=(4)
138 305
fi=(5)
308 305
fi=(4)
138 305
fi=(5)
308 610
fi=(4)
138 3
fi=(5)
308 3
fi=(4)
138 3
fi=(5)
308 3
fi=(4)
138 3
fi=(5)
308 4010
cfi=(7)
cfn=(212)
calls=308 835 
* 223988
* 2156
+1 933
+30 1936
463 606
+1 303
fi=(4)
124 1149
+19 21
+1 180
+1 168
+3 112
+4 112
-1 56
-3 56
+1 56
+1 56
-1 112
fi=(5)
308 224
521 56
-1 112
+1 112
+1 56
cob=(4)
cfi=(62)
cfn=(324)
calls=1 0 
* 9
cob=(4)
cfi=(62)
cfn=(322)
calls=1 0 
* 9
cob=(4)
cfi=(62)
cfn=(320)
calls=1 0 
* 9
cob=(4)
cfi=(62)
cfn=(318)
calls=1 0 
* 8
cob=(4)
cfi=(62)
cfn=(316)
calls=1 0 
* 9
cob=(4)
cfi=(62)
cfn=(314)
calls=1 0 
* 8
cob=(4)
cfi=(62)
cfn=(312)
calls=1 0 
* 9
cob=(4)
cfi=(62)
cfn=(310)
calls=1 0 
* 9
cob=(4)
cfi=(62)
cfn=(308)
calls=1 0 
* 8
cob=(4)
cfi=(62)
cfn=(306)
calls=1 0 
* 9
cob=(4)
cfi=(62)
cfn=(304)
calls=1 0 
* 9
cob=(4)
cfi=(62)
cfn=(302)
calls=1 0 
* 9
cob=(4)
cfi=(62)
cfn=(300)
calls=1 0 
* 9
cob=(4)
cfi=(62)
cfn=(298)
calls=1 0 
* 9
cob=(4)
cfi=(62)
cfn=(296)
calls=1 0 
* 9
cob=(4)
cfi=(62)
cfn=(294)
calls=1 0 
* 9
cob=(3)
cfi=(61)
cfn=(288) strncasecmp_l
calls=1 0 
* 7
cob=(3)
cfi=(61)
cfn=(286) strchrnul
calls=1 0 
* 12
cob=(3)
cfi=(61)
cfn=(284) wmemcmp
calls=1 0 
* 14
cob=(3)
cfi=(61)
cfn=(282) stpcpy
calls=1 0 
* 11
cob=(3)
cfi=(61)
cfn=(280) stpncpy
calls=1 0 
* 11
cob=(3)
cfi=(61)
cfn=(278) strspn
calls=1 0 
* 7
cob=(3)
cfi=(61)
cfn=(276) wcslen
calls=1 0 
* 12
cob=(3)
cfi=(61)
cfn=(274) memchr
calls=1 0 
* 12
cob=(3)
cfi=(61)
cfn=(272) strcasecmp_l
calls=1 0 
* 7
cob=(3)
cfi=(61)
cfn=(270) memrchr
calls=1 0 
* 12
cob=(3)
cfi=(61)
cfn=(268)
calls=1 0 
* 12
cob=(3)
cfi=(61)
cfn=(266) index
calls=1 0 
* 11
cob=(3)
cfi=(61)
cfn=(264) strpbrk
calls=1 0 
* 7
cob=(3)
cfi=(61)
cfn=(262) wcscpy
calls=1 0 
* 7
cob=(3)
cfi=(61)
cfn=(260) wmemset
calls=2 0 
* 32
cob=(3)
cfi=(61)
cfn=(258) wcsnlen
calls=1 0 
* 11
cob=(3)
cfi=(61)
cfn=(256)
calls=1 0 
* 16
cob=(3)
cfi=(61)
cfn=(254) strcpy
calls=1 0 
* 11
cob=(3)
cfi=(61)
cfn=(252) strncasecmp
calls=1 0 
* 7
cob=(3)
cfi=(61)
cfn=(250) strcspn
calls=1 0 
* 7
cob=(3)
cfi=(61)
cfn=(248) strnlen
calls=2 0 
* 24
cob=(3)
cfi=(61)
cfn=(246) wcschr
calls=2 0 
* 24
cob=(3)
cfi=(61)
cfn=(244)
calls=1 0 
* 18
cob=(3)
cfi=(61)
cfn=(242) strcmp
calls=1 0 
* 11
cob=(3)
cfi=(61)
cfn=(240) strncmp
calls=1 0 
* 11
cob=(3)
cfi=(61)
cfn=(238) bcmp
calls=1 0 
* 14
cob=(3)
cfi=(61)
cfn=(236) mempcpy
calls=1 0 
* 16
cob=(3)
cfi=(61)
cfn=(234) wcscmp
calls=1 0 
* 12
cob=(3)
cfi=(61)
cfn=(232) wmemchr
calls=2 0 
* 24
cob=(3)
cfi=(61)
cfn=(230) rawmemchr
calls=1 0 
* 12
cob=(3)
cfi=(61)
cfn=(228) rindex
calls=1 0 
* 12
cob=(3)
cfi=(61)
cfn=(226) strcat
calls=1 0 
* 11
cob=(3)
cfi=(61)
cfn=(224) strcasecmp
calls=1 0 
* 7
cob=(3)
cfi=(61)
cfn=(222) strncpy
calls=1 0 
* 11
cob=(3)
cfi=(61)
cfn=(220) memmove
calls=2 0 
* 32
+1 56
+4 56
-92 63
+4 84
+5 63
+9 42
+50 9
+4 18
cfi=(20)
cfn=(52)
calls=3 123 
* 33
+2 9
+1 3
fi=(4)
111 30
+1 6
fi=(5)
542 6
fi=(4)
112 6
fi=(5)
542 12
fi=(4)
112 1261
fi=(5)
542 1261
fi=(4)
112 1261
fi=(5)
542 2522
+5 2534
+1 1267
fi=(4)
111 1267
fi=(5)
548 2534
fi=(4)
111 2534
+7 18
-67 1
160 3
+2 20
+9 15
-1 30
fi=(5)
276 10
+21 10
+4 10
+7 20
fi=(21)
125 15
fi=(5)
308 165
cfi=(7)
cfn=(212)
calls=5 835 
* 3404
* 35
+1 15
+30 62
-30 363
+3 315
-3 315
+3 630
+2 65
+3 26
+1 39
+11 26
+7 13
cob=(3)
cfi=(61)
cfn=(220)
calls=1 0 
* 16
cob=(3)
cfi=(61)
cfn=(254)
calls=1 0 
* 11
cob=(3)
cfi=(61)
cfn=(256)
calls=2 0 
* 32
cob=(3)
cfi=(61)
cfn=(242)
calls=1 0 
* 11
cob=(3)
cfi=(61)
cfn=(244)
calls=2 0 
* 36
cob=(3)
cfi=(61)
cfn=(266)
calls=2 0 
* 22
cob=(3)
cfi=(61)
cfn=(268)
calls=2 0 
* 24
cob=(3)
cfi=(61)
cfn=(236)
calls=2 0 
* 32
* 39
+3 26
fi=(4)
129 336
fi=(5)
308 573
+1 299
+3 299
-3 990
+3 112
fe=(60)
-38 48
fi=(5)
+34 99
fe=(60)
+14 16
cfn=(290) _dl_protect_relro
calls=8 +6 
* 208
+1 64
fi=(5)
124 8
-2 4
fe=(60)
274 12
fi=(5)
463 15
+1 5
fi=(4)
160 15
+14 2
fi=(5)
309 1
+3 1
-3 1
+3 2
-3 1
+3 1
-3 2
fe=(60)

fn=(290)
328 8
+1 8
-1 16
+1 32
+3 8
-3 8
+3 8
+4 16
+7 16
-6 24
cfi=(54)
cfn=(172)
calls=8 117 
* 48
* 16

fl=(73) /usr/src/debug/glibc-2.32-10.fc33.x86_64/elf/../sysdeps/x86_64/dl-trampoline.h
fn=(490) _dl_runtime_resolve_xsave
67 19
+5 19
+3 19
+2 19
+10 19
+6 19
+1 19
+1 19
+1 19
+1 19
+1 19
+1 19
+4 19
+1 19
+3 19
+1 19
+2 19
+1 19
+1 19
+1 19
+1 19
+1 19
+2 19
+7 19
+1 19
+1 19
cfi=(74)
cfn=(492)
calls=19 -66 
* 14042
+1 19
+5 19
+1 19
+1 19
+2 19
+1 19
+1 19
+1 19
+1 19
+1 19
+1 19
+2 19
+2 19
+4 19
+3 19

fl=(65)
fn=(336)
27 1
+2 2
-2 1
+6 3
-6 1
+6 3
-6 1
+6 1
cfi=(66)
cfn=(338)
calls=1 +41 
* 244
+4 2
+2 4
+2 1
-1 1
+1 2
-1 1
cob=(3)
cfi=(61)
cfn=(342) __libc_early_init
calls=1 -40 
* 25

fl=(37)
fn=(110)
30 14
+2 14
+9 14
+1 28
+1 14
+4 14
+1 14
+1 14
+1 14
+1 14
+2 28
+2 14
+1 14
+1 14
+2 28
+2 14
+8 14
+3 14
+1 14
+7 14
+1 14

fl=(40)
fn=(124)
40 30
+1 6
cfi=(15)
cfn=(34)
calls=6 * 
* 210
* 6
fi=(80) /usr/src/debug/glibc-2.32-10.fc33.x86_64/string/../include/rtld-malloc.h
+15 12
cfi=(6)
cfn=(48)
calls=6 +64 
* 150
fe=(40)
-12 12
+4 6
-1 18
+1 12
-1 6
cfi=(20)
cfn=(52)
calls=6 +76 
* 74

fl=(53)
fn=(170)
25 10
+1 20
+1 5

fl=(45)
fn=(142)
48 30
+3 60
-3 120
+6 60
+5 180
+2 90
-7 18

fl=(54)
fn=(350)
117 5
+5 1

fn=(172)
117 45
+5 9

fl=(34)
fn=(98)
28 1
+2 1
+7 1
+1 1
+2 1
+1 1
+1 1
+1 1
+1 33
+3 3
+7 1
+1 1
+1 1
+1 1
+2 1
+1 1
+1 1
+1 1
+2 1
+1 1
+1 1
+9 3
+12 1
+2 1
+1 1
+1 1
-4 12
+2 12
+1 12
+1 12
+2 13
+1 13
+1 13
+2 13
+1 13
+1 13
+2 13
+1 13
+1 13
+2 1
+1 1
+1 1
+2 1
+7 1
+4 1

fl=(15)
fn=(34)
41 30
+38 30
+1 30
+1 30
+1 30
+1 30
+1 30
+1 30
+2 30
+2 30
+31 30
+1 30
+1 30
+1 30
+1 30
+1 12
+2 12
+4 18
+1 18
+1 18
+1 18
+1 18
+1 18
+1 18
+1 18
+1 18
+1 18
+1 18
+1 18
+5 144

fl=(16)
fn=(36)
32 5
+8 6
+4 2
+16 5

fl=(17)
fn=(40)
28 2
+1 2
+3 73
+13 66
-13 132
+2 134
+1 20
+5 1
-3 1
+3 1
+2 1
+7 1

fl=(39)
fn=(118)
23 20
+1 20
+1 20
+1 20
+1 20
+1 20
+1 20
+1 20
+1 20
+1 20
+1 20
+1 20
+1 20
+1 20
+1 20
+1 20
+1 20
+1 20
+1 15
+4 15
+1 15
+1 15
+1 15
+2 15
+4 5
+1 5
+1 5
+1 5
+1 5
+1 5
+1 5
+1 5
+1 5
+1 5
+1 5
+1 5
+1 5
+1 5
+1 5
+1 5
+1 5
+1 5
+1 5
+1 5
+1 5
+1 5
+1 5
+1 5
+52 5
+4 5
+1 5
+1 5
+1 5
+2 5

fl=(38)
fn=(116)
340 774
+1 258
cfi=(23)
cfn=(64)
calls=129 111 
* 4380
* 129
+1 129
-1 258
+3 129
+2 258
+4 130
-4 260
+1 444
cfi=(23)
cfn=(64)
calls=148 111 
* 5427
* 296
-5 18
+11 183
-1 111
+1 333

fn=(164)
44 2
+3 1
-3 6
+3 1
-3 1
+3 1
cfi=(41)
cfn=(128)
calls=1 -13 
* 19
+1 2
+23 7
-21 5
cfi=(44)
cfn=(140)
calls=1 -17 
* 11
* 2
+2 2
+3 2
+13 2
cfi=(48)
cfn=(154)
calls=1 -43 
* 6
* 1
-11 6
cfi=(45)
cfn=(142)
calls=1 -9 
* 20
* 2

fl=(41)
fn=(128)
34 7
+3 7
-3 21
+3 42
+8 49
+2 7

fl=(9)
fn=(16)
283 9
-9 4
67 206
+6 67
-3 67
+3 5729
+4 134
+5 67
-9 67
-6 67
fi=(10) /usr/src/debug/glibc-2.32-10.fc33.x86_64/elf/dl-tunables.h
+54 67
fe=(9)
-39 201
fi=(10)
+40 144
-1 15
+5 5
-5 10
+1 144
fe=(9)
324 201
-12 10050
fi=(10)
121 1206
fe=(9)
-54 603
fi=(10)
+54 1809
+1 182
-1 1149
+1 1991
fe=(9)
306 8040
70 67
-3 134
358 8

fn=(30)
364 34
+3 204
+9 34
-9 130
+9 9
+17 170
+2 34
-9 25
+1 25

ob=(3)
fl=(61)
fn=(342)
0 4
cfn=(344) __ctype_init
calls=1 0 
0 17
0 4

fn=(376) __register_atfork
0 43

fn=(398) __strrchr_avx2
0 34

fn=(478) __sigsetjmp
0 22
cfn=(480) __sigjmp_save
calls=1 0 
0 9

fn=(566) fopen@@GLIBC_2.2.5
0 3
cfn=(568) __fopen_internal
calls=1 0 
0 74796

fn=(572) malloc
0 63
cfn=(594) _int_malloc
calls=2 0 
0 292
0 42
cfn=(574) malloc_hook_ini
calls=1 0 
0 74305

fn=(573) malloc'2
0 25
cfn=(594)
calls=1 0 
0 144
0 21
cfn=(592) tcache_init.part.0
calls=1 0 
0 497
0 9

fn=(576) ptmalloc_init.part.0
0 658
cob=(2)
cfi=(35)
cfn=(590) 0x00000000049ee490
calls=1 0 
0 21
0 4
cob=(2)
cfi=(35)
cfn=(590)
calls=1 0 
0 22
0 4
cob=(2)
cfi=(35)
cfn=(590)
calls=1 0 
0 21
0 4
cob=(2)
cfi=(35)
cfn=(590)
calls=1 0 
0 22
0 4
cob=(2)
cfi=(35)
cfn=(590)
calls=1 0 
0 22
0 4
cob=(2)
cfi=(35)
cfn=(590)
calls=1 0 
0 21
0 4
cob=(2)
cfi=(35)
cfn=(590)
calls=1 0 
0 22
0 4
cob=(2)
cfi=(35)
cfn=(590)
calls=1 0 
0 22
0 4
cob=(2)
cfi=(35)
cfn=(590)
calls=1 0 
0 22
0 4
cob=(2)
cfi=(35)
cfn=(590)
calls=1 0 
0 22
0 4
cob=(2)
cfi=(35)
cfn=(590)
calls=1 0 
0 22
0 4
cob=(2)
cfi=(35)
cfn=(590)
calls=1 0 
0 22
0 16
cfn=(578) _dl_addr
calls=1 0 
0 72612
0 6

fn=(604) alloc_perturb
0 16

fn=(724) _IO_unsave_markers
0 10

fn=(734) _IO_file_finish@@GLIBC_2.2.5
0 13
cfn=(736) _IO_default_finish
calls=1 0 
0 16

fn=(772) flockfile
0 44

fn=(778) fwrite
0 157
cfn=(780) _IO_file_xsputn@@GLIBC_2.2.5
calls=4 0 
0 1161
0 86

fn=(784) _IO_do_write@@GLIBC_2.2.5
0 17
cfn=(792) new_do_write
calls=2 0 
0 204
0 12

fn=(790) __mempcpy_avx_unaligned_erms
0 53

fn=(804) _IO_file_sync@@GLIBC_2.2.5
0 54

fn=(846) __cxa_finalize
0 235
cfn=(848) __unregister_atfork
calls=5 0 
0 140
0 60

fn=(936) _IO_cleanup
0 13
cfn=(938) _IO_flush_all_lockp
calls=1 0 
0 149
0 11
cob=(5)
cfi=(68)
cfn=(614) _pthread_cleanup_push_defer
calls=1 0 
0 17
0 74
cfn=(940) _IO_file_setbuf@@GLIBC_2.2.5
calls=1 0 
0 85
0 36
cob=(5)
cfi=(68)
cfn=(616) _pthread_cleanup_pop_restore
calls=1 0 
0 10
0 24

fn=(944) _Exit
0 5

fn=(220)
0 48

fn=(234)
0 12

fn=(260)
0 32

fn=(272)
0 7

fn=(278)
0 7

fn=(400)
0 12

fn=(458) __cxa_atexit
0 3
cfn=(460) __internal_atexit
calls=1 0 
0 72

fn=(460)
0 20
cfn=(462) __new_exitfn
calls=1 0 
0 32
0 20

fn=(476) _setjmp
0 3
cfn=(478)
calls=1 0 
0 31

fn=(560) __strlen_avx2
0 20

fn=(578)
0 16
cob=(5)
cfi=(68)
cfn=(580)
calls=1 0 
0 35
0 2
cob=(2)
cfi=(35)
cfn=(582) 0x00000000049ee550
calls=1 0 
0 67
0 70366
cob=(5)
cfi=(68)
cfn=(586)
calls=1 0 
0 37
0 2089

fn=(596) sysmalloc
0 85
cfn=(598) __default_morecore
calls=1 0 
0 59
0 51
cfn=(598)
calls=1 0 
0 44
0 13

fn=(612) _IO_link_in
0 89
cob=(5)
cfi=(68)
cfn=(616)
calls=1 0 
0 10
0 23
cob=(5)
cfi=(68)
cfn=(614)
calls=1 0 
0 17
0 1

fn=(622) open
0 34

fn=(722) _IO_file_close_it@@GLIBC_2.2.5
0 16
cfn=(724)
calls=1 0 
0 10
0 12
cfn=(726) _IO_file_close
calls=1 0 
0 9
0 9
cfn=(668) _IO_setb
calls=1 0 
0 187
0 8
cfn=(718) _IO_un_link
calls=1 0 
0 4
0 10

fn=(726)
0 3
cfn=(728) __close_nocancel
calls=1 0 
0 6

fn=(786) _IO_default_xsputn
0 43
cfn=(782) _IO_file_overflow@@GLIBC_2.2.5
calls=2 0 
0 68
0 29

fn=(802) fflush
0 50
cfn=(804)
calls=2 0 
0 36
0 32

fn=(810) funlockfile
0 24

fn=(848)
0 140

fn=(942) _IO_default_setbuf
0 19
cfn=(804)
calls=1 0 
0 18
0 32

fn=(222)
0 11

fn=(236)
0 48

fn=(238)
0 14

fn=(246)
0 24

fn=(262)
0 7

fn=(282)
0 11

fn=(344)
0 17

fn=(406) intel_check_word.constprop.0
0 1310

fn=(498) signal
0 60
cfn=(500) __bsd_signal.part.0
calls=6 0 
0 648

fn=(568)
0 11
cob=(2)
cfi=(35)
cfn=(570) 0x00000000049ee3e0
calls=1 0 
0 74321
0 12
cfn=(606) _IO_no_init
calls=1 0 
0 62
0 4
cfn=(610) _IO_new_file_init_internal
calls=1 0 
0 131
0 5
cfn=(618) _IO_file_fopen@@GLIBC_2.2.5
calls=1 0 
0 239
0 11

fn=(624) __GI_strstr
0 18
cob=(2)
cfi=(35)
cfn=(626) 0x00000000049ee4b0
calls=1 0 
0 28
0 16

fn=(666) _IO_file_stat
0 15
cfn=(640) _fxstat
calls=3 0 
0 33

fn=(670) _IO_free_backup_area
0 14
cob=(2)
cfi=(35)
cfn=(672) 0x00000000049ee610
calls=2 0 
0 24
0 10

fn=(676) _IO_file_read
0 12
cfn=(678) read
calls=2 0 
0 16

fn=(678)
0 16

fn=(730) _int_free
0 165
cfn=(732) systrim.constprop.0
calls=1 0 
0 25
0 1

fn=(248)
0 24

fn=(264)
0 7

fn=(280)
0 11

fn=(374) __libc_pthread_init
0 9
cfn=(376)
calls=1 0 
0 43
0 217

fn=(392)
0 18
cfn=(394) __init_misc
calls=1 0 
0 61
0 6

fn=(574)
0 9
cfn=(576)
calls=1 0 
0 73597
0 3
cfn=(573)
calls=1 0 
0 696

fn=(610)
0 6
cfn=(612)
calls=1 0 
0 122
0 3

fn=(646) ftello
0 50
cfn=(648) _IO_seekoff_unlocked
calls=2 0 
0 157
0 48

fn=(652) _IO_file_seek
0 9
cfn=(654) lseek
calls=3 0 
0 18

fn=(674) free
0 58
cfn=(730)
calls=2 0 
0 191
0 4

fn=(686) _IO_sgetn
0 15
cfn=(688) _IO_file_xsgetn
calls=1 0 
0 246

fn=(720) __GI__IO_un_link.part.0
0 18
cob=(5)
cfi=(68)
cfn=(614)
calls=1 0 
0 17
0 73
cob=(5)
cfi=(68)
cfn=(616)
calls=1 0 
0 10
0 8

fn=(736)
0 16

fn=(782)
0 159
cfn=(784)
calls=3 0 
0 233
0 2
cfn=(662) _IO_doallocbuf
calls=1 0 
0 330
0 6

fn=(816) __run_exit_handlers
0 68
cob=(1)
cfi=(77)
cfn=(820)
calls=1 31 
0 3168
0 23
cfn=(936)
calls=1 0 
0 419
0 5
cfn=(944)
calls=1 0 
0 5
0 1
cfn=(818) __call_tls_dtors
calls=1 0 
0 12
0 1

fn=(226)
0 11

fn=(254)
0 22

fn=(274)
0 12

fn=(286)
0 12

fn=(370) getrlimit
0 10

fn=(394)
0 13
cob=(2)
cfi=(35)
cfn=(396) 0x00000000049ee640
calls=1 0 
0 36
0 12

fn=(502) sigaction
0 48
cfn=(504) __libc_sigaction
calls=6 0 
0 450

fn=(538) __memset_avx2_unaligned_erms
0 395401

fn=(608) _IO_old_init
0 28

fn=(634) fileno
0 7

fn=(648)
0 116
cfn=(650) _IO_file_seekoff@@GLIBC_2.2.5
calls=4 0 
0 736

fn=(664) _IO_file_doallocate
0 46
cfn=(666)
calls=2 0 
0 32
0 24
cob=(2)
cfi=(35)
cfn=(570)
calls=2 0 
0 387
0 14
cfn=(668)
calls=2 0 
0 56
0 30

fn=(696) getc
0 14
cfn=(698) __uflow
calls=1 0 
0 158

fn=(704) _IO_switch_to_get_mode
0 25

fn=(716) fclose@@GLIBC_2.2.5
0 24
cfn=(734)
calls=1 0 
0 29
0 13
cob=(2)
cfi=(35)
cfn=(672)
calls=1 0 
0 83
0 6
cfn=(718)
calls=1 0 
0 130
0 22
cfn=(722)
calls=1 0 
0 265
0 12

fn=(718)
0 7
cfn=(720)
calls=1 0 
0 126
0 1

fn=(780)
0 97
cob=(2)
cfi=(35)
cfn=(788) 0x00000000049ee5e0
calls=3 0 
0 59
0 102
cfn=(782)
calls=3 0 
0 662
0 52
cfn=(786)
calls=1 0 
0 140
0 49

fn=(792)
0 50
cfn=(794) _IO_file_write@@GLIBC_2.2.5
calls=2 0 
0 92
0 62

fn=(818)
0 12

fn=(940)
0 4
cfn=(942)
calls=1 0 
0 69
0 12

fn=(224)
0 7

fn=(242)
0 22

fn=(252)
0 7

fn=(266)
0 33

fn=(276)
0 12

fn=(284)
0 14

fn=(288)
0 7

fn=(456) (below main)
0 27
cfn=(458)
calls=1 0 
0 75
0 11
cob=(9)
cfi=(72)
cfn=(464) __libc_csu_init
calls=1 0 
0 52
0 8
cfn=(476)
calls=1 0 
0 34
0 15
cob=(9)
cfi=(72)
cfn=(482) main
calls=1 0 
0 1002142898
0 2
cfn=(814) exit
calls=1 0 
0 3710

fn=(504)
0 450

fn=(544) __memcpy_avx_unaligned_erms
0 39571

fn=(592)
0 13
cfn=(594)
calls=1 0 
0 383
0 101

fn=(598)
0 6
cfn=(600) sbrk
calls=2 0 
0 87
0 10

fn=(628) __strchr_avx2
0 26

fn=(640)
0 44

fn=(650)
0 90
cfn=(666)
calls=1 0 
0 16
0 25
cfn=(662)
calls=1 0 
0 311
0 12
cfn=(670)
calls=1 0 
0 24
0 2
cfn=(670)
calls=1 0 
0 24
0 43
cfn=(652)
calls=1 0 
0 9
0 18
cfn=(676)
calls=1 0 
0 14
0 102
cfn=(652)
calls=1 0 
0 9
0 26
cfn=(652)
calls=1 0 
0 9
0 2

fn=(660) fseeko
0 58
cfn=(648)
calls=2 0 
0 695
0 46

fn=(662)
0 40
cfn=(664)
calls=2 0 
0 589
0 12

fn=(700) _IO_default_uflow
0 15
cfn=(702) _IO_file_underflow@@GLIBC_2.2.5
calls=1 0 
0 102
0 6

fn=(710) ungetc
0 6

fn=(728)
0 6

fn=(796) write
0 18

fn=(240)
0 11

fn=(402)
0 83
cfn=(404) handle_intel.constprop.0
calls=1 0 
0 457
0 3
cfn=(404)
calls=1 0 
0 495
0 3
cfn=(404)
calls=1 0 
0 520
0 5
cfn=(408) get_common_cache_info
calls=1 0 
0 218
0 3

fn=(500)
0 102
cfn=(502)
calls=6 0 
0 498
0 48

fn=(524) mmap
0 40

fn=(594)
0 537
cfn=(604)
calls=3 0 
0 12
0 3
cfn=(604)
calls=1 0 
0 4
0 8
cfn=(596)
calls=1 0 
0 252
0 3

fn=(684) fread
0 35
cfn=(686)
calls=1 0 
0 261
0 26

fn=(228)
0 12

fn=(256)
0 64

fn=(258)
0 11

fn=(408)
0 218

fn=(654)
0 18

fn=(668)
0 87
cob=(2)
cfi=(35)
cfn=(672)
calls=1 0 
0 154
0 2

fn=(688)
0 29
cob=(2)
cfi=(35)
cfn=(690) 0x00000000049ee510
calls=1 0 
0 205
0 12

fn=(698)
0 32
cfn=(700)
calls=1 0 
0 123
0 3

fn=(814)
0 8
cfn=(816)
calls=1 0 
0 3702

fn=(230)
0 12

fn=(244)
0 72

fn=(250)
0 7

fn=(268)
0 48

fn=(404)
0 102
cfn=(406)
calls=3 0 
0 993
0 21
cfn=(406)
calls=3 0 
0 317
0 39

fn=(462)
0 32

fn=(480)
0 9

fn=(600)
0 38
cfn=(602) brk
calls=2 0 
0 22
0 9
cfn=(602)
calls=1 0 
0 11
0 7

fn=(602)
0 33

fn=(606)
0 11
cfn=(608)
calls=1 0 
0 28
0 23

fn=(618)
0 72
cfn=(620) _IO_file_open
calls=1 0 
0 85
0 6
cfn=(624)
calls=1 0 
0 62
0 14

fn=(620)
0 13
cfn=(622)
calls=1 0 
0 34
0 15
cfn=(612)
calls=1 0 
0 18
0 5

fn=(702)
0 28
cfn=(704)
calls=1 0 
0 25
0 16
cfn=(676)
calls=1 0 
0 14
0 19

fn=(732)
0 25

fn=(794)
0 28
cfn=(796)
calls=2 0 
0 18
0 46

fn=(938)
0 22
cob=(5)
cfi=(68)
cfn=(614)
calls=1 0 
0 17
0 88
cob=(5)
cfi=(68)
cfn=(616)
calls=1 0 
0 10
0 12

fn=(232)
0 24

fn=(270)
0 12

ob=(5)
fl=(68)
fn=(384)
0 12

fn=(378) __pthread_tunables_init
0 9
cob=(2)
cfi=(35)
cfn=(380) 0x0000000004b9a9c0
calls=1 0 
0 21
0 5

fn=(918)
0 9
cob=(2)
cfi=(35)
cfn=(924) 0x0000000004b9aa70
calls=1 0 
0 89
0 1
cfn=(928) 0x0000000000007ac0
calls=1 0 
0 5
0 3

fn=(586)
0 6
cfn=(588) __pthread_mutex_unlock_usercnt
calls=2 0 
0 68

fn=(362) __libc_sigaction
0 102

fn=(588)
0 68

fn=(360) __pthread_initialize_minimal
0 44
cfn=(362)
calls=1 0 
0 51
0 7
cfn=(362)
calls=1 0 
0 51
0 11
cob=(2)
cfi=(35)
cfn=(364) 0x0000000004b9a9f0
calls=1 0 
0 8
0 14
cob=(2)
cfi=(35)
cfn=(368) 0x0000000004b9a5b0
calls=1 0 
0 12
0 54
cob=(2)
cfi=(35)
cfn=(372) 0x0000000004b9a910
calls=1 0 
0 271
0 3
cfn=(378)
calls=1 0 
0 35
0 8

fn=(390)
0 11
cob=(2)
cfi=(35)
cfn=(380)
calls=1 0 
0 21
0 4
cob=(2)
cfi=(35)
cfn=(380)
calls=1 0 
0 21
0 4
cob=(2)
cfi=(35)
cfn=(380)
calls=1 0 
0 21
0 4
cob=(2)
cfi=(35)
cfn=(380)
calls=1 0 
0 21
0 4
cob=(2)
cfi=(35)
cfn=(380)
calls=1 0 
0 21
0 10

fn=(580)
0 70

ob=(8)
fl=(71)
fn=(852) 0x0000000000001090
0 5

fn=(446)
0 10

ob=(5)
fl=(68)
fn=(614)
0 68

fn=(928)
0 5

fn=(616)
0 28

ob=(8)
fl=(71)
fn=(446)
0 2

fn=(834)
0 7

ob=(5)
fl=(68)
fn=(616)
0 12

ob=(8)
fl=(71)
fn=(834)
0 2
cob=(2)
cfi=(35)
cfn=(840) 0x000000000482f060
calls=1 0 
0 919
0 1
cfn=(852)
calls=1 0 
0 5
0 3

ob=(9)
fl=(72)
fn=(454)
0 12
cob=(3)
cfi=(61)
cfn=(456)
calls=1 0 
0 1002146832

fn=(516) getBigChunk__system_6008.constprop.0
0 759238
cfn=(526) splitChunk2__system_5977.constprop.0
calls=4698 0 
0 265042
0 9396
cfn=(530) addChunkToMatrix__system_5409.constprop.0
calls=4698 0 
0 179662
0 265150
cfn=(518) requestOsChunks__system_5931.constprop.0
calls=1 0 
0 854
0 130702

fn=(760) rememberCycle__system_3164
0 2854
cfn=(516)
calls=1 0 
0 275
0 8
cfn=(740) add__system_5635.constprop.0
calls=1 0 
0 94
0 5

fn=(764) addInt__stdZprivateZdigitsutils_174
0 106
cfn=(766) prepareAdd
calls=2 0 
0 293
0 33

fn=(506) PreMainInner
0 1

fn=(546) rawDealloc__system_6190.constprop.0
0 66103
cfn=(812) del__system_5644.constprop.0
calls=2 0 
0 205
0 219510
cfn=(548) freeBigChunk__system_5987.constprop.0
calls=8892 0 
0 987936
0 6
cfn=(548)
calls=2 0 
0 212
0 27213

fn=(550) removeChunkFromMatrix__system_5367.constprop.0
0 214121

fn=(744) npuParseInt
0 48844

fn=(748) toHashSet__main_1303
0 24655
cfn=(512) prepareSeqAdd.constprop.0
calls=6 0 
0 19994
0 12

fn=(518)
0 19
cob=(3)
cfi=(61)
cfn=(524)
calls=1 0 
0 20
cob=(1)
cfi=(73)
cfn=(490)
calls=1 67 
0 751
0 5
0 59

fn=(766)
0 48
cfn=(514) rawAlloc__system_6049.constprop.0
calls=2 0 
0 195
0 8
cob=(3)
cfi=(61)
cfn=(538)
calls=2 0 
0 30
0 2
0 10

fn=(746) finish__main_1301
0 303387
cfn=(512)
calls=1440 0 
0 532711
0 11570
cfn=(748)
calls=5 0 
0 24109
0 295
cfn=(512)
calls=35 0 
0 11569
0 175

fn=(464)
0 15
cob=(2)
cfi=(35)
cfn=(466) 0x0000000000401000
calls=1 0 
0 7
0 8
cfn=(470) 0x0000000000401490
calls=1 0 
0 11
0 11

fn=(482)
0 23
cob=(3)
cfi=(61)
cfn=(498)
calls=1 0 
0 118
cob=(1)
cfi=(73)
cfn=(490)
calls=1 67 
0 788
0 5
0 3
cob=(3)
cfi=(61)
cfn=(498)
calls=1 0 
0 118
0 1
0 3
cob=(3)
cfi=(61)
cfn=(498)
calls=1 0 
0 118
0 1
0 3
cob=(3)
cfi=(61)
cfn=(498)
calls=1 0 
0 118
0 1
0 3
cob=(3)
cfi=(61)
cfn=(498)
calls=1 0 
0 118
0 1
0 3
cob=(3)
cfi=(61)
cfn=(498)
calls=1 0 
0 118
0 1
0 8
cfn=(506)
calls=1 0 
0 1
0 3
cfn=(508) NimMainInner
calls=1 0 
0 1002141339
0 3

fn=(510) NimMainModule
0 2031
cfn=(512)
calls=7 0 
0 6107
0 102
cfn=(512)
calls=1 0 
0 2637
0 1226
cfn=(554) cstrToNimstr
calls=1 0 
0 1179
0 10
cob=(3)
cfi=(61)
cfn=(566)
calls=1 0 
0 74799
cob=(1)
cfi=(73)
cfn=(490)
calls=1 67 
0 755
0 5
0 5
cob=(3)
cfi=(61)
cfn=(634)
calls=1 0 
0 7
cob=(1)
cfi=(73)
cfn=(490)
calls=1 67 
0 753
0 5
0 6
cob=(3)
cfi=(61)
cfn=(640)
calls=1 0 
0 11
cob=(1)
cfi=(73)
cfn=(490)
calls=1 67 
0 764
0 5
0 10
cob=(3)
cfi=(61)
cfn=(646)
calls=1 0 
0 134
cob=(1)
cfi=(73)
cfn=(490)
calls=1 67 
0 761
0 5
0 5
cob=(3)
cfi=(61)
cfn=(660)
calls=1 0 
0 597
cob=(1)
cfi=(73)
cfn=(490)
calls=1 67 
0 745
0 5
0 2
cob=(3)
cfi=(61)
cfn=(646)
calls=1 0 
0 121
0 1
0 5
cob=(3)
cfi=(61)
cfn=(660)
calls=1 0 
0 202
0 1
0 10
cfn=(514)
calls=1 0 
0 267
0 4
cob=(3)
cfi=(61)
cfn=(538)
calls=1 0 
0 119
0 1
0 8
cob=(3)
cfi=(61)
cfn=(684)
calls=1 0 
0 322
cob=(1)
cfi=(73)
cfn=(490)
calls=1 67 
0 752
0 5
0 8
cob=(3)
cfi=(61)
cfn=(696)
calls=1 0 
0 172
cob=(1)
cfi=(73)
cfn=(490)
calls=1 67 
0 752
0 5
0 4
cob=(3)
cfi=(61)
cfn=(710)
calls=1 0 
0 6
cob=(1)
cfi=(73)
cfn=(490)
calls=1 67 
0 769
0 5
0 33
cob=(3)
cfi=(61)
cfn=(716)
calls=1 0 
0 584
cob=(1)
cfi=(73)
cfn=(490)
calls=1 67 
0 793
0 5
0 23
cfn=(738) substr__system_7613
calls=1 0 
0 12733
0 16522
cfn=(738)
calls=1 0 
0 164
0 675
cfn=(738)
calls=135 0 
0 24187
0 3056
cfn=(512)
calls=9 0 
0 6213
0 6853
cfn=(742) nimAsgnStrV2.constprop.0
calls=135 0 
0 12062
0 17
cfn=(742)
calls=1 0 
0 93
0 952
cfn=(744)
calls=136 0 
0 16726
0 2213
cfn=(744)
calls=127 0 
0 16422
0 2032
cfn=(744)
calls=127 0 
0 15301
0 1390
cfn=(512)
calls=30 0 
0 11201
0 354
cfn=(546)
calls=132 0 
0 2508
0 732
cfn=(742)
calls=9 0 
0 462
0 314
cfn=(744)
calls=5 0 
0 395
0 54
cfn=(762) collect__main_3779
calls=1 0 
0 20132
0 9
cfn=(748)
calls=1 0 
0 20552
0 5
cfn=(764)
calls=1 0 
0 269
0 4
cob=(3)
cfi=(61)
cfn=(772)
calls=1 0 
0 22
cob=(1)
cfi=(73)
cfn=(490)
calls=1 67 
0 821
0 5
0 9
cob=(3)
cfi=(61)
cfn=(778)
calls=1 0 
0 652
cob=(1)
cfi=(73)
cfn=(490)
calls=1 67 
0 753
0 5
0 5
cob=(3)
cfi=(61)
cfn=(778)
calls=1 0 
0 301
0 1
0 2
cob=(3)
cfi=(61)
cfn=(802)
calls=1 0 
0 59
cob=(1)
cfi=(73)
cfn=(490)
calls=1 67 
0 745
0 5
0 2
cob=(3)
cfi=(61)
cfn=(810)
calls=1 0 
0 12
cob=(1)
cfi=(73)
cfn=(490)
calls=1 67 
0 841
0 5
0 70
cfn=(754) eqcopy___main_3047.constprop.0
calls=5 0 
0 25
0 160
cfn=(754)
calls=20 0 
0 100
0 200
cfn=(754)
calls=25 0 
0 125
0 416
cfn=(760)
calls=24 0 
0 504
0 340
cfn=(760)
calls=24 0 
0 504
0 906
cfn=(760)
calls=25 0 
0 525
0 375
cfn=(760)
calls=25 0 
0 525
0 330
cfn=(546)
calls=1 0 
0 174
0 3
cfn=(752) eqdestroy___main_3434
calls=1 0 
0 319
0 1620
cfn=(546)
calls=132 0 
0 2748
0 475
cfn=(746)
calls=4 0 
0 706194
0 10
cfn=(514)
calls=5 0 
0 411
0 234
cfn=(512)
calls=6 0 
0 2197
0 70
cfn=(512)
calls=4 0 
0 1416
0 18
cfn=(546)
calls=1 0 
0 27
0 3
cfn=(546)
calls=1 0 
0 111
0 3
cfn=(546)
calls=1 0 
0 222
0 3
cfn=(546)
calls=1 0 
0 26
0 3
cfn=(546)
calls=1 0 
0 26
0 3
cfn=(546)
calls=1 0 
0 111
0 2
cfn=(546)
calls=1 0 
0 26
0 6
cfn=(546)
calls=5 0 
0 95
0 6
cfn=(546)
calls=1 0 
0 26
0 2
cfn=(546)
calls=1 0 
0 237
0 5
cfn=(746)
calls=1 0 
0 177622
0 11
cfn=(750) eqcopy___main_3047.constprop.2
calls=1 0 
0 14
0 24
cfn=(750)
calls=4 0 
0 200
0 80
cfn=(752)
calls=1 0 
0 16
0 12
cfn=(752)
calls=4 0 
0 866
0 51
cfn=(760)
calls=4 0 
0 84
0 75
cfn=(512)
calls=4 0 
0 799
0 165
cfn=(760)
calls=1 0 
0 21
0 39
cfn=(750)
calls=4 0 
0 56
0 18
cfn=(750)
calls=6 0 
0 722
0 2949962
cfn=(512)
calls=7695 0 
0 2289077
0 994469780
cfn=(754)
calls=4 0 
0 20
0 92
cfn=(756) inverse__main_314
calls=4 0 
0 224
0 144
cfn=(758) add__main_3582
calls=4 0 
0 893
0 40
cfn=(754)
calls=4 0 
0 20
0 80
cfn=(756)
calls=4 0 
0 224
0 24
cfn=(758)
calls=4 0 
0 1130
0 1231
cfn=(512)
calls=163 0 
0 57279
0 1920
cfn=(546)
calls=4 0 
0 511
0 8
cfn=(546)
calls=4 0 
0 712
0 640
cfn=(546)
calls=159 0 
0 26627
0 15541
cfn=(546)
calls=7691 0 
0 1115738
0 7718
cfn=(760)
calls=1 0 
0 21
0 12
cfn=(760)
calls=1 0 
0 21
0 15
cfn=(512)
calls=1 0 
0 347
0 806
cfn=(764)
calls=1 0 
0 163
0 4
cob=(3)
cfi=(61)
cfn=(772)
calls=1 0 
0 22
0 1
0 8
cob=(3)
cfi=(61)
cfn=(778)
calls=1 0 
0 150
0 1
0 5
cob=(3)
cfi=(61)
cfn=(778)
calls=1 0 
0 301
0 1
0 2
cob=(3)
cfi=(61)
cfn=(802)
calls=1 0 
0 59
0 1
0 2
cob=(3)
cfi=(61)
cfn=(810)
calls=1 0 
0 12
0 1
0 10
cfn=(546)
calls=1 0 
0 174
0 143
cfn=(546)
calls=1 0 
0 19
0 17
cfn=(752)
calls=4 0 
0 64
0 14

fn=(526)
0 264907
cfn=(528) llAlloc__system_5435.constprop.0
calls=2 0 
0 125
0 10

fn=(738)
0 4916
cfn=(514)
calls=133 0 
0 5034
0 665
cob=(3)
cfi=(61)
cfn=(538)
calls=133 0 
0 1703
0 133
0 24633

fn=(754)
0 290

fn=(762)
0 42
cfn=(512)
calls=1 0 
0 250
0 793
cfn=(512)
calls=1 0 
0 127
0 245
cfn=(756)
calls=1 0 
0 50
0 33
cfn=(763) collect__main_3779'2
calls=1 0 
0 14073
0 15
cfn=(512)
calls=1 0 
0 3273
0 1052
cfn=(546)
calls=1 0 
0 111
0 10
cfn=(546)
calls=1 0 
0 19
0 9
cfn=(546)
calls=1 0 
0 26
0 4

fn=(763)
0 252
cfn=(512)
calls=4 0 
0 618
0 3234
cfn=(512)
calls=4 0 
0 517
0 986
cfn=(756)
calls=4 0 
0 224
0 150
cfn=(756)
calls=3 0 
0 176
0 231
cfn=(763)
calls=7 0 
0 9240
0 105
cfn=(512)
calls=7 0 
0 4104
0 2660
cfn=(546)
calls=4 0 
0 168
0 55
cfn=(546)
calls=7 0 
0 233
0 43
cfn=(546)
calls=3 0 
0 305
0 12

fn=(548)
0 316667
cfn=(550)
calls=4629 0 
0 214121
0 113905
cfn=(530)
calls=8894 0 
0 343455

fn=(554)
0 14
cob=(3)
cfi=(61)
cfn=(560)
calls=1 0 
0 20
cob=(1)
cfi=(73)
cfn=(490)
calls=1 67 
0 817
0 5
0 18
cfn=(514)
calls=1 0 
0 267
0 5
cob=(3)
cfi=(61)
cfn=(538)
calls=1 0 
0 12
0 1
0 5
cob=(3)
cfi=(61)
cfn=(544)
calls=1 0 
0 13
0 1
0 1

fn=(750)
0 280
cfn=(760)
calls=10 0 
0 692
0 20

fn=(470)
0 11

fn=(512)
0 273468
cfn=(514)
calls=8142 0 
0 1752898
0 40710
cob=(3)
cfi=(61)
cfn=(538)
calls=8142 0 
0 362858
cob=(1)
cfi=(73)
cfn=(490)
calls=1 67 
0 767
0 8146
0 23946
cfn=(514)
calls=1277 0 
0 238921
0 16601
cob=(3)
cfi=(61)
cfn=(544)
calls=1277 0 
0 37520
cob=(1)
cfi=(73)
cfn=(490)
calls=1 67 
0 869
0 1281
0 2554
cfn=(546)
calls=1277 0 
0 149530
0 8939
cob=(3)
cfi=(61)
cfn=(538)
calls=1277 0 
0 28874
0 1277
0 1277

fn=(812)
0 54
cfn=(813) del__system_5644.constprop.0'2
calls=2 0 
0 105
0 46

fn=(813)
0 37
cfn=(813)
calls=1 0 
0 11
0 15
cfn=(813)
calls=1 0 
0 11
0 53

fn=(822)
0 6
cfn=(826) 0x00000000004013f0
calls=1 0 
0 4
0 3

fn=(826)
0 4

fn=(508)
0 1
cfn=(510)
calls=1 0 
0 1002141338

fn=(514)
0 230293
cfn=(516)
calls=2 0 
0 462
0 16
cfn=(740)
calls=2 0 
0 195
0 17936
cfn=(516)
calls=8956 0 
0 1609307
0 145314

fn=(528)
0 204
cob=(3)
cfi=(61)
cfn=(524)
calls=1 0 
0 20
0 1
0 14

fn=(742)
0 2071
cfn=(514)
calls=137 0 
0 4530
0 548
cob=(3)
cfi=(61)
cfn=(538)
calls=137 0 
0 1644
0 137
0 1781
cob=(3)
cfi=(61)
cfn=(544)
calls=137 0 
0 1761
0 137
0 8

fn=(758)
0 442
cfn=(514)
calls=5 0 
0 405
0 25
cob=(3)
cfi=(61)
cfn=(538)
calls=5 0 
0 90
0 5
0 42
cfn=(514)
calls=3 0 
0 595
0 39
cob=(3)
cfi=(61)
cfn=(544)
calls=3 0 
0 74
0 3
0 6
cfn=(546)
calls=3 0 
0 169
0 48
cob=(3)
cfi=(61)
cfn=(538)
calls=3 0 
0 71
0 3
0 6

fn=(530)
0 523117

fn=(740)
0 52
cfn=(741) add__system_5635.constprop.0'2
calls=2 0 
0 164
0 32
cfn=(528)
calls=1 0 
0 38
0 3

fn=(741)
0 33
cfn=(741)
calls=1 0 
0 70
0 49
cfn=(528)
calls=2 0 
0 76
0 6

fn=(752)
0 170
cfn=(760)
calls=15 0 
0 339
0 250
cfn=(546)
calls=5 0 
0 506

fn=(756)
0 898

ob=(7)
fl=(70)
fn=(888) 0x0000000000003920
0 5

fn=(426)
0 12

fn=(878)
0 9
cob=(2)
cfi=(35)
cfn=(884) 0x00000000049b9770
calls=1 0 
0 89
0 1
cfn=(888)
calls=1 0 
0 5
0 3

ob=(2)
fl=(35)
fn=(368)
0 2
cob=(3)
cfi=(61)
cfn=(370)
calls=1 0 
0 10

fn=(884)
0 2
cob=(3)
cfi=(61)
cfn=(846)
calls=1 0 
0 87

fn=(364)
0 2
cob=(1)
cfi=(33)
cfn=(366)
calls=1 388 
0 6

fn=(410)
0 7

fn=(466)
0 7

fn=(934)
0 4

fn=(106)
0 28
cob=(1)
cfi=(36)
cfn=(108)
calls=14 175 
0 33862

fn=(626)
0 2
cob=(3)
cfi=(61)
cfn=(628)
calls=1 0 
0 26

fn=(690)
0 2
cob=(3)
cfi=(61)
cfn=(544)
calls=1 0 
0 203

fn=(858)
0 4

fn=(906)
0 2
cob=(3)
cfi=(61)
cfn=(846)
calls=1 0 
0 87

fn=(672)
0 8
cob=(3)
cfi=(61)
cfn=(674)
calls=4 0 
0 253

fn=(788)
0 6
cob=(3)
cfi=(61)
cfn=(790)
calls=3 0 
0 53

fn=(832)
0 4

fn=(102)
0 2
cob=(1)
cfi=(36)
cfn=(104)
calls=1 225 
0 2750

fn=(422)
0 7

fn=(432)
0 7

fn=(876)
0 4

fn=(924)
0 2
cob=(3)
cfi=(61)
cfn=(846)
calls=1 0 
0 87

fn=(372)
0 2
cob=(3)
cfi=(61)
cfn=(374)
calls=1 0 
0 269

fn=(840)
0 2
cob=(3)
cfi=(61)
cfn=(846)
calls=1 0 
0 87
cob=(1)
cfi=(73)
cfn=(490)
calls=1 67 
0 825
0 5

fn=(380)
0 12
cob=(1)
cfi=(9)
cfn=(30)
calls=6 364 
0 114

fn=(396)
0 2
cob=(3)
cfi=(61)
cfn=(398)
calls=1 0 
0 34

fn=(894)
0 4

fn=(442)
0 7

fn=(570)
0 6
cob=(3)
cfi=(61)
cfn=(572)
calls=3 0 
0 74702

fn=(582)
0 2
cob=(1)
cfi=(76)
cfn=(584)
calls=1 209 
0 65

fn=(590)
0 24
cob=(1)
cfi=(9)
cfn=(30)
calls=12 364 
0 237

fn=(866)
0 2
cob=(3)
cfi=(61)
cfn=(846)
calls=1 0 
0 87

fn=(358)
0 3
cob=(5)
cfi=(68)
cfn=(360)
calls=1 0 
0 569
0 2

fn=(916)
0 4

totals: 1002528429
